-5.776964
-5.412910
-4.742284
-4.311167
-3.985434
-3.956693
-4.062078
-3.995015
-3.841729
-3.889631
-3.908791
-3.793827
-3.995015
-4.205783
-4.426131
-4.167461
-3.669282
-3.937532
-3.812988
-3.755505
-3.966274
-3.947113
-4.435712
-4.541096
-4.339908
-4.368649
-4.876409
-4.742284
-4.062078
-3.870470
-3.774666
-3.860889
-3.774666
-3.860889
-3.899211
-3.669282
-3.688443
-3.937532
-3.937532
-4.052497
-4.109979
-4.014175
-4.339908
-4.244104
-3.956693
-4.062078
-4.359069
-4.617739
-4.378230
-4.014175
-3.851309
-3.650121
-3.803407
-3.995015
-3.592639
-3.410612
-3.563898
-3.765086
-4.215363
-4.550676
-4.588998
-3.995015
-4.703962
-5.278784
-4.435712
-4.167461
-3.056138
-2.299289
-3.295648
-3.515996
-3.860889
-5.135079
-5.844026
-5.068016
-4.588998
-4.972212
-4.416551
-3.908791
-4.292006
-4.474033
-4.186622
-3.927952
-4.426131
-3.305228
-1.791529
-3.305228
-4.378230
-4.014175
-4.588998
-4.483613
-3.209424
-3.841729
-5.374588
-4.972212
-4.541096
-5.451231
-5.374588
-4.598578
-4.368649
-4.502774
-4.560256
-4.349488
-3.266906
-3.372291
-3.554318
-2.644182
-2.098101
-2.711245
-3.611800
-4.157881
-5.020114
-4.933891
-4.521935
-4.454873
-4.177042
-3.918372
-4.052497
-3.985434
-3.832148
-4.004595
-4.330328
-4.857248
-4.617739
-3.880050
-3.659702
-4.301587
-3.611800
-3.046558
-3.650121
-4.042917
-4.723123
-4.665641
-4.272845
-4.588998
-4.981793
-4.052497
-3.247746
-3.736345
-3.717184
-3.458514
-4.330328
-4.608159
-3.266906
-2.395093
-2.232226
-1.293350
-2.213066
-3.621380
-3.420192
-3.199844
-2.854951
-3.180683
-3.947113
-4.799766
-5.815285
-6.035634
-5.163820
-5.125498
-5.594937
-4.579417
-4.483613
-4.311167
-2.510057
-3.391451
-4.167461
-2.931593
-2.117262
-1.734047
-2.289709
-3.535157
-4.732703
-4.799766
-4.339908
-4.119559
-4.387810
-4.263265
-4.090818
-4.253685
-4.081238
-4.119559
-4.138720
-3.784246
-3.621380
-3.784246
-3.736345
-4.215363
-5.661999
-5.106338
-3.008236
-3.870470
-5.010534
-4.435712
-4.406971
-3.784246
-3.123201
-3.678863
-3.822568
-3.017817
-3.257326
-3.736345
-3.477675
-4.090818
-4.991373
-4.675221
-4.397390
-3.410612
-2.826210
-3.544737
-3.008236
-2.021458
-2.922013
-3.707603
-3.219005
-3.602220
-4.761445
-5.547035
-5.671580
-5.479972
-4.531516
-4.090818
-4.866828
-5.230883
-4.656060
-4.263265
-2.854951
-1.829851
-2.088521
-2.337610
-2.816629
-3.784246
-4.972212
-4.790185
-3.966274
-3.822568
-4.129140
-4.148301
-4.148301
-4.157881
-4.033336
-3.860889
-4.148301
-4.033336
-3.372291
-3.180683
-3.458514
-3.707603
-4.569837
-4.598578
-2.395093
-2.481316
-3.381871
-2.692084
-3.353130
-3.046558
-2.040619
-2.931593
-3.956693
-4.924311
-5.374588
-6.208080
-5.978151
-4.521935
-4.454873
-3.927952
-3.563898
-4.253685
-4.330328
-4.119559
-4.512355
-4.818927
-3.851309
-3.161522
-3.947113
-5.048855
-5.068016
-4.464453
-3.324389
-3.036978
-4.004595
-3.592639
-3.401032
-3.688443
-3.199844
-3.592639
-4.023756
-3.487255
-4.100399
-4.263265
-3.477675
-3.841729
-4.263265
-3.966274
-3.822568
-4.253685
-4.454873
-4.416551
-4.406971
-4.033336
-3.975854
-3.956693
-4.062078
-3.745925
-3.353130
-4.033336
-3.985434
-3.468094
-3.832148
-3.765086
-2.375932
-1.858592
-2.720825
-3.247746
-3.860889
-4.272845
-3.104040
-2.442995
-3.726764
-5.441651
-5.499133
-4.416551
-4.282426
-4.579417
-4.359069
-4.866828
-4.981793
-4.550676
-4.588998
-3.257326
-2.759147
-4.004595
-3.477675
-2.241807
-3.027397
-3.515996
-2.998656
-3.745925
-3.966274
-3.707603
-4.560256
-5.460812
-5.135079
-4.866828
-5.355427
-4.962632
-3.429773
-2.960335
-4.464453
-3.937532
-3.439353
-5.182981
-5.135079
-4.004595
-3.966274
-3.947113
-3.812988
-4.119559
-4.512355
-4.569837
-4.224944
-3.698023
-3.822568
-3.755505
-2.749567
-3.008236
-3.381871
-2.692084
-2.241807
-2.653763
-2.222646
-2.644182
-3.707603
-3.583059
-3.650121
-3.305228
-4.253685
-5.805705
-5.422490
-4.991373
-5.048855
-4.205783
-3.688443
-3.812988
-4.119559
-3.286067
-2.644182
-2.347191
-2.577120
-3.180683
-3.583059
-4.014175
-3.353130
-3.410612
-4.426131
-5.393749
-6.208080
-5.614098
-4.224944
-3.333969
-3.276487
-4.368649
-4.751864
-4.435712
-3.793827
-3.132781
-2.577120
-2.807049
-3.161522
-2.950754
-3.602220
-5.010534
-5.422490
-4.627319
-4.627319
-4.751864
-4.311167
-3.985434
-3.832148
-3.889631
-4.157881
-4.282426
-4.090818
-4.004595
-3.966274
-4.071658
-3.870470
-2.922013
-2.720825
-2.749567
-1.532859
-2.078940
-3.688443
-3.698023
-3.937532
-5.039275
-5.432070
-4.627319
-4.876409
-5.844026
-5.068016
-4.464453
-4.177042
-3.678863
-4.177042
-4.042917
-3.247746
-2.874111
-3.314808
-3.027397
-2.404673
-2.854951
-2.931593
-2.605861
-3.314808
-4.263265
-4.579417
-5.096757
-5.949410
-4.991373
-4.186622
-4.665641
-3.286067
-3.142362
-4.675221
-4.157881
-3.171103
-3.458514
-3.333969
-2.912433
-3.333969
-4.761445
-5.796124
-5.422490
-4.866828
-4.732703
-4.426131
-4.282426
-4.215363
-4.062078
-4.119559
-4.014175
-4.464453
-4.062078
-3.995015
-4.579417
-4.359069
-3.765086
-4.100399
-4.378230
-2.912433
-3.583059
-4.512355
-3.707603
-4.071658
-3.506416
-2.011878
-2.538798
-3.036978
-3.266906
-4.483613
-5.422490
-4.378230
-3.401032
-4.052497
-4.474033
-5.048855
-5.068016
-4.588998
-3.257326
-2.883692
-3.937532
-3.927952
-3.688443
-4.062078
-4.493194
-3.698023
-3.583059
-3.774666
-3.123201
-3.554318
-4.502774
-4.445292
-3.927952
-3.803407
-3.630961
-3.046558
-2.902852
-3.084879
-2.797468
-3.276487
-4.493194
-4.684802
-4.531516
-4.828507
-4.847668
-4.359069
-3.880050
-3.659702
-3.803407
-3.870470
-3.899211
-4.282426
-4.215363
-3.947113
-4.177042
-4.042917
-2.883692
-3.324389
-3.650121
-2.567539
-3.793827
-4.608159
-4.244104
-5.556615
-5.182981
-3.286067
-3.381871
-3.420192
-3.075299
-3.908791
-4.541096
-3.841729
-4.263265
-5.192561
-4.636899
-4.512355
-4.454873
-4.541096
-4.339908
-3.017817
-2.519638
-3.151942
-3.324389
-3.036978
-3.391451
-4.416551
-4.531516
-4.579417
-5.221302
-4.905150
-3.774666
-4.224944
-4.809346
-3.353130
-2.682504
-3.104040
-3.180683
-4.196202
-6.026053
-6.514652
-5.997312
-5.010534
-4.560256
-4.588998
-4.359069
-4.253685
-4.081238
-3.880050
-4.033336
-4.474033
-4.311167
-4.359069
-4.627319
-3.765086
-3.602220
-3.535157
-3.496835
-3.851309
-3.525577
-2.634602
-2.711245
-4.100399
-4.627319
-4.627319
-4.742284
-4.675221
-5.020114
-5.182981
-5.623678
-5.585356
-4.215363
-3.937532
-4.186622
-4.052497
-3.123201
-2.078940
-2.088521
-2.826210
-3.171103
-3.458514
-3.707603
-2.720825
-2.998656
-4.857248
-4.732703
-4.665641
-6.370947
-6.179339
-4.981793
-4.416551
-4.895570
-4.627319
-3.515996
-2.874111
-3.563898
-3.765086
-2.989076
-4.359069
-6.217661
-6.849965
-5.786544
-4.665641
-4.397390
-4.512355
-4.569837
-4.359069
-4.378230
-4.387810
-4.263265
-4.579417
-4.608159
-4.368649
-4.138720
-2.922013
-2.845370
-3.305228
-3.142362
-3.439353
-3.707603
-2.720825
-3.247746
-4.713542
-4.541096
-5.451231
-6.859546
-7.022412
-5.374588
-5.096757
-6.572134
-6.150598
-3.985434
-2.969915
-3.113621
-2.567539
-3.046558
-3.401032
-2.203485
-2.146003
-2.730406
-2.634602
-3.448934
-5.317106
-5.681160
-4.627319
-3.889631
-4.406971
-4.646480
-4.512355
-4.818927
-4.713542
-4.052497
-3.745925
-3.726764
-3.832148
-4.751864
-3.448934
-2.107682
-3.448934
-2.845370
-1.705306
-2.644182
-3.573478
-3.889631
-3.793827
-3.870470
-4.023756
-3.851309
-3.650121
-3.803407
-4.119559
-4.014175
-4.224944
-4.311167
-3.860889
-4.272845
-4.828507
-4.838088
-3.985434
-3.832148
-4.138720
-3.659702
-3.803407
-4.608159
-4.617739
-3.880050
-4.282426
-4.962632
-4.905150
-5.250043
-5.527874
-4.550676
-4.100399
-4.378230
-4.751864
-4.684802
-3.793827
-3.257326
-3.611800
-4.148301
-4.531516
-3.966274
-3.458514
-4.081238
-3.880050
-3.784246
-5.460812
-5.757803
-3.678863
-3.573478
-4.014175
-3.851309
-3.525577
-3.496835
-3.238165
-3.611800
-3.908791
-3.429773
-3.812988
-3.630961
-3.793827
-4.972212
-5.039275
-4.320747
-4.234524
-3.832148
-3.880050
-3.908791
-3.669282
-3.812988
-4.119559
-4.263265
-4.090818
-3.142362
-2.577120
-3.295648
-3.266906
-3.123201
-3.439353
-3.698023
-2.835790
-2.807049
-3.784246
-4.109979
-4.138720
-4.157881
-5.029695
-4.196202
-2.950754
-3.841729
-4.502774
-4.081238
-4.244104
-4.081238
-3.880050
-3.908791
-2.931593
-1.743628
-2.787888
-3.889631
-2.931593
-2.969915
-4.838088
-5.585356
-4.330328
-3.745925
-4.953052
-4.905150
-3.650121
-3.927952
-3.812988
-2.519638
-2.653763
-3.209424
-2.615441
-3.439353
-4.071658
-3.880050
-3.908791
-3.554318
-3.755505
-4.962632
-5.393749
-4.857248
-4.483613
-4.196202
-4.177042
-4.042917
-4.109979
-4.138720
-4.272845
-4.215363
-4.311167
-4.109979
-2.787888
-2.912433
-3.333969
-3.036978
-3.515996
-3.736345
-2.854951
-3.190264
-4.081238
-4.119559
-4.263265
-5.077597
-6.188920
-5.106338
-3.860889
-4.138720
-3.784246
-3.736345
-4.828507
-4.474033
-3.573478
-3.391451
-3.314808
-2.538798
-2.423834
-3.468094
-3.841729
-4.263265
-4.215363
-4.062078
-4.608159
-5.240463
-5.891928
-7.060733
-6.869126
-5.182981
-4.023756
-3.726764
-3.468094
-3.104040
-3.544737
-3.008236
-1.781949
-1.820271
-3.314808
-4.014175
-3.362710
-3.793827
-4.483613
-4.186622
-3.803407
-3.745925
-3.841729
-3.889631
-3.669282
-3.688443
-4.062078
-4.119559
-3.774666
-3.247746
-2.625022
-3.199844
-4.330328
-4.981793
-4.177042
-2.692084
-3.104040
-4.282426
-4.588998
-4.119559
-4.885989
-5.738642
-5.020114
-3.822568
-3.506416
-5.211722
-5.757803
-5.278784
-4.924311
-3.908791
-4.042917
-3.860889
-3.535157
-3.257326
-2.874111
-3.563898
-4.866828
-4.857248
-3.506416
-3.487255
-4.828507
-5.211722
-4.157881
-3.793827
-4.359069
-4.378230
-3.525577
-2.759147
-3.132781
-4.301587
-4.474033
-3.937532
-4.052497
-3.621380
-3.669282
-4.914730
-5.623678
-5.958991
-5.489552
-4.416551
-3.908791
-3.793827
-3.381871
-3.065719
-3.276487
-3.506416
-4.100399
-4.387810
-4.387810
-4.397390
-4.646480
-5.125498
-4.234524
-3.458514
-3.592639
-3.889631
-2.931593
-3.219005
-4.090818
-3.515996
-4.234524
-5.796124
-6.035634
-4.905150
-4.761445
-6.045214
-5.776964
-5.039275
-5.681160
-4.876409
-3.630961
-3.544737
-4.119559
-3.161522
-2.711245
-3.985434
-3.219005
-3.228585
-4.962632
-5.642838
-4.359069
-4.263265
-5.690741
-5.240463
-3.563898
-3.515996
-4.359069
-2.778308
-2.165164
-3.104040
-2.318450
-1.944815
-2.510057
-1.916074
-2.874111
-5.163820
-5.987732
-5.623678
-5.087177
-4.588998
-3.995015
-3.956693
-3.947113
-3.563898
-3.391451
-3.678863
-3.937532
-4.177042
-4.531516
-4.339908
-3.630961
-3.305228
-3.017817
-3.142362
-3.563898
-3.515996
-2.634602
-2.711245
-3.247746
-3.860889
-4.387810
-3.161522
-3.324389
-5.250043
-6.150598
-5.834446
-5.681160
-5.738642
-4.895570
-3.401032
-3.563898
-3.765086
-2.500477
-1.906494
-3.228585
-3.975854
-2.605861
-1.839431
-2.462155
-2.874111
-2.577120
-2.567539
-2.682504
-2.730406
-3.372291
-4.531516
-4.215363
-4.675221
-5.633258
-4.474033
-3.698023
-4.071658
-4.004595
-3.966274
-4.196202
-3.812988
-4.368649
-5.489552
-5.269204
-4.435712
-4.042917
-4.359069
-4.502774
-4.196202
-4.052497
-3.985434
-4.205783
-4.301587
-4.224944
-3.458514
-2.107682
-2.471736
-3.621380
-4.157881
-4.531516
-4.828507
-3.611800
-2.557959
-2.922013
-2.596281
-1.954396
-1.408315
-2.634602
-4.311167
-4.598578
-5.230883
-5.767383
-4.301587
-3.113621
-3.554318
-4.368649
-3.401032
-2.577120
-3.544737
-4.119559
-3.036978
-2.155583
-3.104040
-2.931593
-3.583059
-5.250043
-5.163820
-5.365008
-4.847668
-2.759147
-2.778308
-3.515996
-2.759147
-2.768727
-3.755505
-3.113621
-2.807049
-3.535157
-3.995015
-4.703962
-5.403329
-5.594937
-5.077597
-4.464453
-4.062078
-4.109979
-4.014175
-3.975854
-4.196202
-4.052497
-3.870470
-4.023756
-4.100399
-3.889631
-3.295648
-2.644182
-2.960335
-3.238165
-3.362710
-4.282426
-4.349488
-3.391451
-3.678863
-4.186622
-4.177042
-3.793827
-3.496835
-3.975854
-4.196202
-3.688443
-4.435712
-4.905150
-3.774666
-3.123201
-3.180683
-4.569837
-4.598578
-3.621380
-2.557959
-2.308869
-3.046558
-3.151942
-3.199844
-2.481316
-2.893272
-4.311167
-5.096757
-6.083536
-6.294304
-5.403329
-4.866828
-4.493194
-4.311167
-3.985434
-3.468094
-2.730406
-2.510057
-1.916074
-2.011878
-3.286067
-2.893272
-3.324389
-4.387810
-4.512355
-4.445292
-4.416551
-4.406971
-4.646480
-4.761445
-4.320747
-4.234524
-4.196202
-3.688443
-4.062078
-4.119559
-3.525577
-3.995015
-3.841729
-3.515996
-3.611800
-3.784246
-2.759147
-2.404673
-3.468094
-3.966274
-4.320747
-4.109979
-4.387810
-4.761445
-5.182981
-6.246402
-6.236822
-4.148301
-3.544737
-4.119559
-4.761445
-4.684802
-3.908791
-4.292006
-3.726764
-2.854951
-3.065719
-3.161522
-2.711245
-3.238165
-4.224944
-4.435712
-4.905150
-4.761445
-3.573478
-3.391451
-4.052497
-3.736345
-2.615441
-2.452575
-2.136423
-2.969915
-3.975854
-3.832148
-4.253685
-4.081238
-4.493194
-5.796124
-5.661999
-4.493194
-3.947113
-3.937532
-4.052497
-4.234524
-4.684802
-4.531516
-4.205783
-4.186622
-3.927952
-3.439353
-3.084879
-3.669282
-3.937532
-4.186622
-4.301587
-3.611800
-2.308869
-2.807049
-3.899211
-3.918372
-3.927952
-3.937532
-5.297945
-5.920669
-4.493194
-4.445292
-5.527874
-5.537455
-4.435712
-3.305228
-4.129140
-4.033336
-2.375932
-2.347191
-2.577120
-2.433414
-2.375932
-2.835790
-3.669282
-3.075299
-3.410612
-4.426131
-5.642838
-5.709901
-5.010534
-5.422490
-5.365008
-4.474033
-3.075299
-3.036978
-4.004595
-3.966274
-3.822568
-4.617739
-4.991373
-4.301587
-3.736345
-3.966274
-4.071658
-3.630961
-3.420192
-3.698023
-3.822568
-3.755505
-3.726764
-3.832148
-4.253685
-4.205783
-4.062078
-3.870470
-3.774666
-4.972212
-5.527874
-5.288365
-4.560256
-3.238165
-3.238165
-3.238165
-2.375932
-3.084879
-3.410612
-2.586700
-3.429773
-4.435712
-4.292006
-4.962632
-6.878706
-6.045214
-4.426131
-4.656060
-5.135079
-4.368649
-3.401032
-3.439353
-3.832148
-3.889631
-3.784246
-3.985434
-3.707603
-4.196202
-5.163820
-4.387810
-4.397390
-6.121857
-5.575776
-4.454873
-3.803407
-3.755505
-4.100399
-2.902852
-2.586700
-3.669282
-3.812988
-2.644182
-3.333969
-4.761445
-4.818927
-4.588998
-4.234524
-3.956693
-3.698023
-3.698023
-3.822568
-4.378230
-4.636899
-4.502774
-4.445292
-4.052497
-4.234524
-4.445292
-3.927952
-3.563898
-3.630961
-3.793827
-3.745925
-3.353130
-3.046558
-3.889631
-3.544737
-2.644182
-2.720825
-2.136423
-1.369993
-2.117262
-3.084879
-3.669282
-4.550676
-4.474033
-3.688443
-4.071658
-4.981793
-5.901508
-6.208080
-4.129140
-2.787888
-3.276487
-2.768727
-1.791529
-2.433414
-3.113621
-2.941174
-3.841729
-4.876409
-4.866828
-5.230883
-5.154240
-4.751864
-4.186622
-3.439353
-2.720825
-2.385512
-2.960335
-2.375932
-2.098101
-3.448934
-3.956693
-3.937532
-4.799766
-4.703962
-4.292006
-4.224944
-4.062078
-4.234524
-4.320747
-4.109979
-3.774666
-3.611800
-3.908791
-4.282426
-4.224944
-3.573478
-3.640541
-3.927952
-3.314808
-3.401032
-4.052497
-2.998656
-1.772369
-1.935235
-2.510057
-2.778308
-3.266906
-4.244104
-4.445292
-4.416551
-5.020114
-5.796124
-5.537455
-4.560256
-4.100399
-4.751864
-3.822568
-2.155583
-2.241807
-2.653763
-2.720825
-3.123201
-3.803407
-4.368649
-5.000954
-4.799766
-4.703962
-5.029695
-4.320747
-4.608159
-5.604517
-5.326686
-4.579417
-3.745925
-4.090818
-4.866828
-4.493194
-4.071658
-4.119559
-3.276487
-2.519638
-3.765086
-5.451231
-5.384169
-4.483613
-4.186622
-3.927952
-4.052497
-4.234524
-4.320747
-4.483613
-4.311167
-4.349488
-4.253685
-3.592639
-3.525577
-4.359069
-4.627319
-4.751864
-4.311167
-3.860889
-4.387810
-4.263265
-2.615441
-2.088521
-2.452575
-1.523279
-2.318450
-4.167461
-4.541096
-5.566195
-7.405627
-6.907447
-4.703962
-3.554318
-3.755505
-3.602220
-2.922013
-2.596281
-3.439353
-4.684802
-5.269204
-5.173400
-4.751864
-4.684802
-4.282426
-3.851309
-3.650121
-3.803407
-3.745925
-4.100399
-4.378230
-4.387810
-5.259624
-5.048855
-3.832148
-3.515996
-3.736345
-3.228585
-2.126842
-2.481316
-4.119559
-5.135079
-5.604517
-4.962632
-4.292006
-4.100399
-4.129140
-4.387810
-4.387810
-4.387810
-4.148301
-3.784246
-4.109979
-4.263265
-3.228585
-3.353130
-4.033336
-3.860889
-3.161522
-2.835790
-3.544737
-3.745925
-2.739986
-2.634602
-3.084879
-2.548379
-3.036978
-4.129140
-3.535157
-3.381871
-5.403329
-5.719481
-4.646480
-4.138720
-4.771025
-4.818927
-3.975854
-3.094460
-2.797468
-2.174744
-2.375932
-3.698023
-2.960335
-3.362710
-4.656060
-4.885989
-5.479972
-6.380527
-5.192561
-4.521935
-4.943471
-5.144659
-4.991373
-4.799766
-4.454873
-4.426131
-3.793827
-3.257326
-3.372291
-2.069360
-2.816629
-4.646480
-4.761445
-4.311167
-4.109979
-3.774666
-3.860889
-4.023756
-3.851309
-3.650121
-3.554318
-3.266906
-3.496835
-3.851309
-3.774666
-3.860889
-3.401032
-3.065719
-3.410612
-3.812988
-2.768727
-2.280128
-3.410612
-3.563898
-3.755505
-5.326686
-5.939830
-5.106338
-4.483613
-4.186622
-3.563898
-3.880050
-5.144659
-5.115918
-4.608159
-4.368649
-3.889631
-2.682504
-4.090818
-4.991373
-3.563898
-3.391451
-3.190264
-2.605861
-2.941174
-4.330328
-5.594937
-5.202141
-3.908791
-3.918372
-3.927952
-3.563898
-3.266906
-2.519638
-1.552020
-1.963976
-2.893272
-2.835790
-4.282426
-6.188920
-6.217661
-5.000954
-3.937532
-3.314808
-3.027397
-3.266906
-3.496835
-3.975854
-4.071658
-3.880050
-4.023756
-4.100399
-4.253685
-3.832148
-2.902852
-3.324389
-3.161522
-2.835790
-3.918372
-4.665641
-3.544737
-2.768727
-3.142362
-3.199844
-3.094460
-2.682504
-3.228585
-3.966274
-3.458514
-4.081238
-5.479972
-4.780605
-3.468094
-2.979495
-3.487255
-3.602220
-2.423834
-2.366352
-3.448934
-4.071658
-3.995015
-3.477675
-2.979495
-3.487255
-4.090818
-4.004595
-3.966274
-3.698023
-4.684802
-5.518294
-4.790185
-4.828507
-4.723123
-3.065719
-1.810690
-2.078940
-2.452575
-2.500477
-2.893272
-3.199844
-3.841729
-3.640541
-3.429773
-4.062078
-3.995015
-3.956693
-3.947113
-3.688443
-3.812988
-4.119559
-4.263265
-3.966274
-3.458514
-3.343549
-2.797468
-3.036978
-4.129140
-4.512355
-3.468094
-3.104040
-4.042917
-3.985434
-2.720825
-2.634602
-3.822568
-3.506416
-4.224944
-5.297945
-4.809346
-4.224944
-3.947113
-3.688443
-3.947113
-4.062078
-4.608159
-4.981793
-3.314808
-3.036978
-4.004595
-4.205783
-4.062078
-4.109979
-4.014175
-3.602220
-3.535157
-4.119559
-5.748222
-5.269204
-4.550676
-4.838088
-4.109979
-3.765086
-3.238165
-3.362710
-3.784246
-2.883692
-2.826210
-4.521935
-5.690741
-5.365008
-5.221302
-5.269204
-4.799766
-4.454873
-4.052497
-3.985434
-4.205783
-3.688443
-3.448934
-3.947113
-4.186622
-4.416551
-4.521935
-4.205783
-2.462155
-2.270548
-3.774666
-4.100399
-4.129140
-4.272845
-3.602220
-3.535157
-3.870470
-4.033336
-3.487255
-2.500477
-3.257326
-4.234524
-4.071658
-4.493194
-5.920669
-5.958991
-4.502774
-3.707603
-3.822568
-3.391451
-2.816629
-3.161522
-3.324389
-2.663343
-2.969915
-4.588998
-4.244104
-3.707603
-5.307526
-5.681160
-5.365008
-6.198500
-5.604517
-3.975854
-3.947113
-4.924311
-4.761445
-2.845370
-2.318450
-3.429773
-3.573478
-3.515996
-4.100399
-4.014175
-4.339908
-3.880050
-3.171103
-3.947113
-4.186622
-4.052497
-4.234524
-4.435712
-4.541096
-4.215363
-4.435712
-4.905150
-4.502774
-4.081238
-3.017817
-2.644182
-3.084879
-2.433414
-2.739986
-3.860889
-2.912433
-3.583059
-4.387810
-3.276487
-3.995015
-5.441651
-6.121857
-4.464453
-3.314808
-4.263265
-4.454873
-3.563898
-3.755505
-3.975854
-3.094460
-2.922013
-2.481316
-1.044260
-1.475377
-3.276487
-3.745925
-3.726764
-3.468094
-2.854951
-3.056138
-3.151942
-3.937532
-4.301587
-4.224944
-5.307526
-5.068016
-3.477675
-2.979495
-2.874111
-1.590342
-2.471736
-3.985434
-3.717184
-3.832148
-3.880050
-3.295648
-3.027397
-3.266906
-3.496835
-3.487255
-3.726764
-3.832148
-3.515996
-3.372291
-3.420192
-3.698023
-4.062078
-4.359069
-4.004595
-3.104040
-3.544737
-3.630961
-3.420192
-3.812988
-4.244104
-3.468094
-2.730406
-3.621380
-3.659702
-3.803407
-4.732703
-5.412910
-4.751864
-4.311167
-5.221302
-5.029695
-3.333969
-3.036978
-3.515996
-3.736345
-4.579417
-4.847668
-3.132781
-1.714886
-2.155583
-2.854951
-3.803407
-5.230883
-5.029695
-4.071658
-4.617739
-5.355427
-5.336267
-5.441651
-5.135079
-4.493194
-4.196202
-4.052497
-3.985434
-3.832148
-4.627319
-3.889631
-2.931593
-2.969915
-2.375932
-1.973556
-2.644182
-3.822568
-4.368649
-4.378230
-4.263265
-4.703962
-4.780605
-4.205783
-3.812988
-3.630961
-3.295648
-3.765086
-3.736345
-2.481316
-2.759147
-3.142362
-3.065719
-3.161522
-3.324389
-2.912433
-2.596281
-3.065719
-3.525577
-3.621380
-4.157881
-5.393749
-5.106338
-4.234524
-5.058436
-5.068016
-4.464453
-4.675221
-4.397390
-4.771025
-5.556615
-4.933891
-3.784246
-3.860889
-3.535157
-3.745925
-4.464453
-4.426131
-4.656060
-4.521935
-4.579417
-4.847668
-4.972212
-4.790185
-3.966274
-3.947113
-4.426131
-4.531516
-4.454873
-4.426131
-4.157881
-2.682504
-2.366352
-3.199844
-2.241807
-2.280128
-3.899211
-4.292006
-3.975854
-4.071658
-4.244104
-4.694382
-4.780605
-4.205783
-3.812988
-3.995015
-4.330328
-4.359069
-4.014175
-2.864531
-2.577120
-2.807049
-2.912433
-2.720825
-2.500477
-2.155583
-3.104040
-4.167461
-3.554318
-3.391451
-3.803407
-4.493194
-3.947113
-2.950754
-3.353130
-3.659702
-4.052497
-5.221302
-5.393749
-5.594937
-5.939830
-4.866828
-4.119559
-4.876409
-3.880050
-2.922013
-3.084879
-2.184325
-2.500477
-3.755505
-3.966274
-4.071658
-5.106338
-5.096757
-4.109979
-4.502774
-5.058436
-5.192561
-4.885989
-4.751864
-4.186622
-2.826210
-2.797468
-3.899211
-3.669282
-2.950754
-4.215363
-4.799766
-4.215363
-3.937532
-3.937532
-4.301587
-4.588998
-4.359069
-4.129140
-4.148301
-3.784246
-3.496835
-3.487255
-3.353130
-3.784246
-3.995015
-3.219005
-2.989076
-3.247746
-2.375932
-1.973556
-2.893272
-3.324389
-4.023756
-4.224944
-3.333969
-3.276487
-4.368649
-5.365008
-5.709901
-5.872767
-5.575776
-5.432070
-6.112277
-5.930250
-5.479972
-5.020114
-4.933891
-4.033336
-3.113621
-3.793827
-3.132781
-2.078940
-3.075299
-4.521935
-5.068016
-4.838088
-4.598578
-4.119559
-3.650121
-4.541096
-4.828507
-4.723123
-5.288365
-5.422490
-4.014175
-3.602220
-4.512355
-3.592639
-2.663343
-3.707603
-4.445292
-4.416551
-4.282426
-4.090818
-4.378230
-4.263265
-3.841729
-3.765086
-4.224944
-4.684802
-4.406971
-4.033336
-2.998656
-2.634602
-2.960335
-2.864531
-2.816629
-3.286067
-2.893272
-2.586700
-3.554318
-3.995015
-3.219005
-2.375932
-3.084879
-3.535157
-3.745925
-4.828507
-4.713542
-3.554318
-3.515996
-3.985434
-4.320747
-3.621380
-2.682504
-2.979495
-4.224944
-4.071658
-4.119559
-4.014175
-2.375932
-2.960335
-4.588998
-4.847668
-4.723123
-5.537455
-5.661999
-4.368649
-3.765086
-3.975854
-3.583059
-2.289709
-2.423834
-3.841729
-3.765086
-2.998656
-2.883692
-3.324389
-3.765086
-3.362710
-3.171103
-3.333969
-3.161522
-3.209424
-3.592639
-4.014175
-3.851309
-3.774666
-3.851309
-3.650121
-4.052497
-3.745925
-2.490896
-2.644182
-3.448934
-4.330328
-4.857248
-4.608159
-3.381871
-3.190264
-3.583059
-3.774666
-4.224944
-3.698023
-3.947113
-4.933891
-4.272845
-4.588998
-6.581715
-6.150598
-4.847668
-4.234524
-4.320747
-3.870470
-3.410612
-3.439353
-3.209424
-2.854951
-3.056138
-3.276487
-2.270548
-2.787888
-4.387810
-5.135079
-5.719481
-4.885989
-3.889631
-4.646480
-4.387810
-3.286067
-2.155583
-2.241807
-2.280128
-2.050199
-1.944815
-1.772369
-2.433414
-2.002298
-2.538798
-4.272845
-5.202141
-4.895570
-4.129140
-4.023756
-4.339908
-4.368649
-4.014175
-3.966274
-4.196202
-4.301587
-4.474033
-4.675221
-4.033336
-3.362710
-3.544737
-4.244104
-4.320747
-3.372291
-3.056138
-3.525577
-3.247746
-3.362710
-4.406971
-4.033336
-4.224944
-5.547035
-5.058436
-4.703962
-4.416551
-4.895570
-5.729062
-4.646480
-5.250043
-6.016473
-5.144659
-3.765086
-3.487255
-4.588998
-3.621380
-2.433414
-3.228585
-4.588998
-5.221302
-4.033336
-4.224944
-5.297945
-4.196202
-3.439353
-3.209424
-3.717184
-4.818927
-4.962632
-3.180683
-2.107682
-3.698023
-3.698023
-3.698023
-5.307526
-5.556615
-5.182981
-4.761445
-4.196202
-4.301587
-4.474033
-4.311167
-4.109979
-3.889631
-3.793827
-4.109979
-4.378230
-4.263265
-4.090818
-3.755505
-4.100399
-4.378230
-4.023756
-3.602220
-3.286067
-2.529218
-2.538798
-3.027397
-3.266906
-3.123201
-2.692084
-4.090818
-5.729062
-5.259624
-4.924311
-5.748222
-4.416551
-2.682504
-3.094460
-4.282426
-4.713542
-4.541096
-3.228585
-2.989076
-3.008236
-2.270548
-3.036978
-3.017817
-3.266906
-4.234524
-4.933891
-6.370947
-6.054794
-4.435712
-4.167461
-4.157881
-3.669282
-3.439353
-3.333969
-1.935235
-1.647824
-2.251387
-3.151942
-3.812988
-2.653763
-2.845370
-4.531516
-5.077597
-4.588998
-4.483613
-4.560256
-4.474033
-4.426131
-4.042917
-3.860889
-4.272845
-4.330328
-3.995015
-3.343549
-2.797468
-3.036978
-3.017817
-3.132781
-4.301587
-4.962632
-3.544737
-2.883692
-3.324389
-3.401032
-3.563898
-3.889631
-4.531516
-4.330328
-4.857248
-6.083536
-5.307526
-3.956693
-3.573478
-3.401032
-3.927952
-4.550676
-4.339908
-3.142362
-2.462155
-2.874111
-2.950754
-2.854951
-2.692084
-2.979495
-3.851309
-4.876409
-5.853607
-6.179339
-5.470392
-4.895570
-4.512355
-4.569837
-3.860889
-3.036978
-3.266906
-3.008236
-1.781949
-0.958037
-2.912433
-3.573478
-3.401032
-3.688443
-3.698023
-4.062078
-4.119559
-4.138720
-4.272845
-4.215363
-4.186622
-4.665641
-4.521935
-4.205783
-4.799766
-4.464453
-3.927952
-4.052497
-4.109979
-4.627319
-4.502774
-3.956693
-3.822568
-4.493194
-3.707603
-3.333969
-3.659702
-2.567539
-2.184325
-3.123201
-4.042917
-4.474033
-4.560256
-4.588998
-3.745925
-2.739986
-3.123201
-3.314808
-3.151942
-2.222646
-3.257326
-4.109979
-3.276487
-3.995015
-3.841729
-2.778308
-2.902852
-4.071658
-5.355427
-4.838088
-4.474033
-5.537455
-5.297945
-3.468094
-3.228585
-3.362710
-2.184325
-2.625022
-3.688443
-3.812988
-4.742284
-6.284723
-6.390108
-5.566195
-5.058436
-4.943471
-4.521935
-4.205783
-4.426131
-4.531516
-4.330328
-4.244104
-4.320747
-4.109979
-3.774666
-3.238165
-2.375932
-2.711245
-3.851309
-4.636899
-3.774666
-2.749567
-3.496835
-3.851309
-2.663343
-2.471736
-3.995015
-3.468094
-3.477675
-4.339908
-3.995015
-4.828507
-6.438009
-5.594937
-3.228585
-2.739986
-3.621380
-3.544737
-2.031039
-1.935235
-3.247746
-4.713542
-4.665641
-4.148301
-4.406971
-3.784246
-3.132781
-3.803407
-5.106338
-4.608159
-3.630961
-4.157881
-4.406971
-4.157881
-4.406971
-3.784246
-2.260967
-1.552020
-2.088521
-3.688443
-5.412910
-5.115918
-4.244104
-4.196202
-4.177042
-4.167461
-3.918372
-3.678863
-3.688443
-3.698023
-3.573478
-3.765086
-3.851309
-3.889631
-4.406971
-4.033336
-3.238165
-3.487255
-3.228585
-2.989076
-3.611800
-4.148301
-3.046558
-2.902852
-3.698023
-4.320747
-3.995015
-2.241807
-2.893272
-4.435712
-4.780605
-5.805705
-6.897867
-6.543393
-5.518294
-4.426131
-4.780605
-4.205783
-2.213066
-2.021458
-3.899211
-5.393749
-4.617739
-3.391451
-3.554318
-4.742284
-5.661999
-4.617739
-4.129140
-4.646480
-4.023756
-3.602220
-3.535157
-3.621380
-3.295648
-2.404673
-2.232226
-2.768727
-3.755505
-3.602220
-2.922013
-3.956693
-5.297945
-4.818927
-3.975854
-3.707603
-3.333969
-3.650121
-4.167461
-4.406971
-4.397390
-4.272845
-4.339908
-4.368649
-4.263265
-3.717184
-3.094460
-3.784246
-4.608159
-5.479972
-5.020114
-3.209424
-3.104040
-4.033336
-4.234524
-3.458514
-3.458514
-3.956693
-3.947113
-3.812988
-2.768727
-2.778308
-4.502774
-5.796124
-6.275143
-5.144659
-3.640541
-3.056138
-3.401032
-4.301587
-3.736345
-2.490896
-2.883692
-4.062078
-4.368649
-3.640541
-3.180683
-3.458514
-3.468094
-3.592639
-2.912433
-2.222646
-3.381871
-4.292006
-4.464453
-3.688443
-3.199844
-3.956693
-4.435712
-5.029695
-4.569837
-4.474033
-5.297945
-5.307526
-4.694382
-4.042917
-3.860889
-3.899211
-4.033336
-3.985434
-3.832148
-4.004595
-4.454873
-3.927952
-3.439353
-3.458514
-3.707603
-3.832148
-3.765086
-3.975854
-3.832148
-3.017817
-2.644182
-3.448934
-3.219005
-2.730406
-3.372291
-4.282426
-5.087177
-4.838088
-5.460812
-5.997312
-4.521935
-3.841729
-4.253685
-3.707603
-3.832148
-5.115918
-4.857248
-3.381871
-3.429773
-4.684802
-5.144659
-3.880050
-2.557959
-3.535157
-5.230883
-4.780605
-4.330328
-4.981793
-4.541096
-2.979495
-2.011878
-3.036978
-2.902852
-3.698023
-4.560256
-3.975854
-3.832148
-3.027397
-3.506416
-4.598578
-5.106338
-4.847668
-4.608159
-4.378230
-3.899211
-3.918372
-3.803407
-3.745925
-3.966274
-3.947113
-3.812988
-3.880050
-3.784246
-3.247746
-2.011878
-2.423834
-3.841729
-4.014175
-3.726764
-3.468094
-2.979495
-2.749567
-2.146003
-2.232226
-3.630961
-3.669282
-4.301587
-5.585356
-5.192561
-5.135079
-4.742284
-4.186622
-4.665641
-4.272845
-4.588998
-5.594937
-5.202141
-3.420192
-2.586700
-3.918372
-3.927952
-3.429773
-4.311167
-4.359069
-3.391451
-3.678863
-5.173400
-4.885989
-4.742284
-5.173400
-4.636899
-3.765086
-3.113621
-3.429773
-3.573478
-3.391451
-3.439353
-4.445292
-4.905150
-3.774666
-3.113621
-3.429773
-4.062078
-4.234524
-3.956693
-3.937532
-4.062078
-3.995015
-3.841729
-3.640541
-3.793827
-4.109979
-3.899211
-3.793827
-3.247746
-3.123201
-3.918372
-4.665641
-4.033336
-2.874111
-3.803407
-4.732703
-4.799766
-4.090818
-4.502774
-5.556615
-5.182981
-4.885989
-4.004595
-4.339908
-5.230883
-4.905150
-4.263265
-3.841729
-3.401032
-2.328030
-2.078940
-3.439353
-4.196202
-3.439353
-2.845370
-2.807049
-3.899211
-4.531516
-4.828507
-4.972212
-5.278784
-5.661999
-5.604517
-5.077597
-3.602220
-3.784246
-4.359069
-4.378230
-4.263265
-3.602220
-3.899211
-4.665641
-4.157881
-4.771025
-6.782903
-6.610456
-5.182981
-4.272845
-3.841729
-3.889631
-4.033336
-3.851309
-3.650121
-3.803407
-4.234524
-4.320747
-4.359069
-4.004595
-2.864531
-2.452575
-2.625022
-2.586700
-2.941174
-2.854951
-1.705306
-2.644182
-3.947113
-3.573478
-4.138720
-5.384169
-5.719481
-4.636899
-4.138720
-4.521935
-4.330328
-4.981793
-5.288365
-4.196202
-3.190264
-2.605861
-2.701665
-2.251387
-2.404673
-3.956693
-4.560256
-4.723123
-5.901508
-6.447590
-5.355427
-4.972212
-5.652419
-4.857248
-3.372291
-3.793827
-4.359069
-3.027397
-2.902852
-3.209424
-1.743628
-1.686145
-3.123201
-3.554318
-3.630961
-5.144659
-6.227241
-5.365008
-4.723123
-4.426131
-3.918372
-3.918372
-4.292006
-4.464453
-4.426131
-4.406971
-4.157881
-4.157881
-4.406971
-3.784246
-3.247746
-3.736345
-3.592639
-3.525577
-3.621380
-3.659702
-3.065719
-2.663343
-3.707603
-3.832148
-4.253685
-5.441651
-5.614098
-5.336267
-5.451231
-5.872767
-5.077597
-3.477675
-2.979495
-3.123201
-3.429773
-4.311167
-4.234524
-2.222646
-2.031039
-3.535157
-3.870470
-4.272845
-4.339908
-3.381871
-3.429773
-4.560256
-5.211722
-5.269204
-5.661999
-4.981793
-4.052497
-3.745925
-3.228585
-3.851309
-5.010534
-5.297945
-3.583059
-3.151942
-3.698023
-2.586700
-2.318450
-3.793827
-4.847668
-4.608159
-4.493194
-4.196202
-3.803407
-3.995015
-4.330328
-4.359069
-4.129140
-4.148301
-4.521935
-4.081238
-3.142362
-2.826210
-2.557959
-2.797468
-3.899211
-4.531516
-3.104040
-3.056138
-4.627319
-4.627319
-5.115918
-6.332625
-6.773322
-5.384169
-3.745925
-3.353130
-3.171103
-2.098101
-2.826210
-3.784246
-3.496835
-2.864531
-2.328030
-2.941174
-4.205783
-5.412910
-5.853607
-5.317106
-4.703962
-4.665641
-4.512355
-4.445292
-4.914730
-4.387810
-3.286067
-3.880050
-3.908791
-3.803407
-4.119559
-4.387810
-3.535157
-2.644182
-3.084879
-3.535157
-4.857248
-5.470392
-5.144659
-5.106338
-4.598578
-3.995015
-3.956693
-3.822568
-3.515996
-3.736345
-3.592639
-3.286067
-3.506416
-3.985434
-4.445292
-3.678863
-2.950754
-4.464453
-5.288365
-4.684802
-3.544737
-3.266906
-3.870470
-4.023756
-3.851309
-3.650121
-4.656060
-4.512355
-4.330328
-4.244104
-4.196202
-4.914730
-5.010534
-4.560256
-3.851309
-3.889631
-5.020114
-4.684802
-2.931593
-2.481316
-3.132781
-3.305228
-2.414253
-3.717184
-5.058436
-4.090818
-4.253685
-4.579417
-4.972212
-5.154240
-4.378230
-4.263265
-4.090818
-3.266906
-2.759147
-2.768727
-3.142362
-3.563898
-3.765086
-3.726764
-2.979495
-2.989076
-4.359069
-5.489552
-5.518294
-4.790185
-4.454873
-4.665641
-4.646480
-4.512355
-4.196202
-3.812988
-3.630961
-3.669282
-3.927952
-3.927952
-3.803407
-4.244104
-4.205783
-3.324389
-3.151942
-3.937532
-3.199844
-2.481316
-2.644182
-2.596281
-3.065719
-3.276487
-3.880050
-4.397390
-3.908791
-4.292006
-4.588998
-3.870470
-4.272845
-4.215363
-3.573478
-3.765086
-4.464453
-3.439353
-2.720825
-3.238165
-3.362710
-4.282426
-5.087177
-5.460812
-4.157881
-4.157881
-5.393749
-4.732703
-3.439353
-3.209424
-3.956693
-3.947113
-4.062078
-4.109979
-3.036978
-2.778308
-3.017817
-3.391451
-4.167461
-4.406971
-4.397390
-4.771025
-5.182981
-4.761445
-4.196202
-3.927952
-3.927952
-4.052497
-3.985434
-3.832148
-4.004595
-4.215363
-4.675221
-4.033336
-3.860889
-5.135079
-5.106338
-4.359069
-4.253685
-3.832148
-2.529218
-2.663343
-3.707603
-4.445292
-5.154240
-3.889631
-2.557959
-3.535157
-3.995015
-3.717184
-4.205783
-4.186622
-3.439353
-3.707603
-4.445292
-4.541096
-5.077597
-3.975854
-2.481316
-3.132781
-3.439353
-2.720825
-2.874111
-3.678863
-3.688443
-3.822568
-4.129140
-4.885989
-4.742284
-3.822568
-4.368649
-4.512355
-4.081238
-3.880050
-3.908791
-3.793827
-3.257326
-3.496835
-3.353130
-2.557959
-2.922013
-4.320747
-5.096757
-4.847668
-3.995015
-3.717184
-3.956693
-4.186622
-4.177042
-4.042917
-4.349488
-4.244104
-4.205783
-3.812988
-2.644182
-3.209424
-3.717184
-3.583059
-3.889631
-4.033336
-3.113621
-3.065719
-4.023756
-4.339908
-4.129140
-3.036978
-4.004595
-4.828507
-4.100399
-4.751864
-5.786544
-5.537455
-4.675221
-4.033336
-3.860889
-3.036978
-1.791529
-1.829851
-2.577120
-3.056138
-3.525577
-4.598578
-3.995015
-3.228585
-4.215363
-4.435712
-5.278784
-6.524233
-6.121857
-4.828507
-3.860889
-4.885989
-4.742284
-2.462155
-1.896913
-2.864531
-3.429773
-2.960335
-3.228585
-3.726764
-3.468094
-3.966274
-4.684802
-4.771025
-4.569837
-4.349488
-4.627319
-4.502774
-3.956693
-3.937532
-4.062078
-3.995015
-3.841729
-3.266906
-2.395093
-2.969915
-4.100399
-4.378230
-4.263265
-3.592639
-2.174744
-2.874111
-4.665641
-4.646480
-3.650121
-3.305228
-4.004595
-4.330328
-4.119559
-4.014175
-5.202141
-5.393749
-4.368649
-3.889631
-4.033336
-3.487255
-3.104040
-3.918372
-3.678863
-2.577120
-3.056138
-4.138720
-3.286067
-3.266906
-4.483613
-3.947113
-4.311167
-5.958991
-5.125498
-3.372291
-3.305228
-3.640541
-3.056138
-3.276487
-2.893272
-2.586700
-2.682504
-2.730406
-2.634602
-2.711245
-3.611800
-4.282426
-4.828507
-4.474033
-4.684802
-4.646480
-4.263265
-4.205783
-3.937532
-3.937532
-4.177042
-4.167461
-4.282426
-3.851309
-3.151942
-3.698023
-3.698023
-3.333969
-3.774666
-3.238165
-1.523279
-2.807049
-4.636899
-3.889631
-4.167461
-3.554318
-2.155583
-2.615441
-3.314808
-3.525577
-3.745925
-3.228585
-2.375932
-2.462155
-3.745925
-3.602220
-3.161522
-4.062078
-4.234524
-3.832148
-4.129140
-4.023756
-2.625022
-2.586700
-3.305228
-3.640541
-4.042917
-4.598578
-5.230883
-4.531516
-4.090818
-4.991373
-5.163820
-5.125498
-4.493194
-4.071658
-3.506416
-2.874111
-2.941174
-2.979495
-4.100399
-4.138720
-3.410612
-3.324389
-3.401032
-3.812988
-4.368649
-4.627319
-4.263265
-3.592639
-3.286067
-3.755505
-4.464453
-3.937532
-3.439353
-3.583059
-3.027397
-2.280128
-3.036978
-3.640541
-2.567539
-3.171103
-4.071658
-3.257326
-3.860889
-6.236822
-6.600875
-5.671580
-5.355427
-5.949410
-5.853607
-4.579417
-4.349488
-4.129140
-3.036978
-3.017817
-3.870470
-2.797468
-2.414253
-3.717184
-4.320747
-4.847668
-5.345847
-5.700321
-5.010534
-4.684802
-5.757803
-5.154240
-4.991373
-5.911089
-5.221302
-3.429773
-3.822568
-4.253685
-2.232226
-2.155583
-3.104040
-3.295648
-3.630961
-3.180683
-2.347191
-2.826210
-3.784246
-4.109979
-4.014175
-4.090818
-4.378230
-4.627319
-4.378230
-4.138720
-4.397390
-4.512355
-4.445292
-4.416551
-4.033336
-4.234524
-4.445292
-4.790185
-4.579417
-3.860889
-3.535157
-2.759147
-2.768727
-3.142362
-3.937532
-4.301587
-4.474033
-5.173400
-5.000954
-5.412910
-7.338564
-7.740940
-5.834446
-4.330328
-4.244104
-3.458514
-2.969915
-2.864531
-3.065719
-2.922013
-2.720825
-2.874111
-2.088521
-2.826210
-4.033336
-4.100399
-4.627319
-5.614098
-4.838088
-4.100399
-4.253685
-4.703962
-4.416551
-3.171103
-2.471736
-3.745925
-4.454873
-3.927952
-3.439353
-3.822568
-4.866828
-4.732703
-4.675221
-4.033336
-3.487255
-3.726764
-3.956693
-4.186622
-4.177042
-3.793827
-3.621380
-3.908791
-4.042917
-3.372291
-2.807049
-3.774666
-4.598578
-4.493194
-4.196202
-3.439353
-2.356771
-2.826210
-3.544737
-3.132781
-3.314808
-3.276487
-3.621380
-4.282426
-4.090818
-4.751864
-6.160179
-6.936189
-5.709901
-3.899211
-4.656060
-4.761445
-2.969915
-2.002298
-2.663343
-2.720825
-2.385512
-3.084879
-3.046558
-3.276487
-3.870470
-4.023756
-4.713542
-4.790185
-3.841729
-4.014175
-4.828507
-4.838088
-4.723123
-4.052497
-3.496835
-3.487255
-3.602220
-3.774666
-3.247746
-2.874111
-3.803407
-5.355427
-5.700321
-5.000954
-4.675221
-4.282426
-3.851309
-3.401032
-2.950754
-3.228585
-3.602220
-4.023756
-4.838088
-4.972212
-4.042917
-3.487255
-3.238165
-2.625022
-2.701665
-3.477675
-2.989076
-2.998656
-3.496835
-3.477675
-3.477675
-3.228585
-3.726764
-3.832148
-3.515996
-4.109979
-4.263265
-3.228585
-3.487255
-4.090818
-4.004595
-3.841729
-4.263265
-3.468094
-2.366352
-2.586700
-2.692084
-3.851309
-5.125498
-4.742284
-4.186622
-4.177042
-4.665641
-4.521935
-4.330328
-4.732703
-4.062078
-3.008236
-3.008236
-3.995015
-2.979495
-2.136423
-2.845370
-2.567539
-3.171103
-5.432070
-6.476331
-5.115918
-4.109979
-4.378230
-4.263265
-4.205783
-4.311167
-4.598578
-4.617739
-4.129140
-4.023756
-3.851309
-4.138720
-4.282426
-4.339908
-4.866828
-4.244104
-3.458514
-3.707603
-4.445292
-3.678863
-3.324389
-4.387810
-3.774666
-3.985434
-5.681160
-6.102696
-4.953052
-4.157881
-4.531516
-4.090818
-2.778308
-2.778308
-3.027397
-2.644182
-3.707603
-4.071658
-2.768727
-3.142362
-3.563898
-2.165164
-3.353130
-5.508713
-4.665641
-3.535157
-3.496835
-4.474033
-5.537455
-5.671580
-4.129140
-3.286067
-3.506416
-2.998656
-3.247746
-3.736345
-4.703962
-3.554318
-2.155583
-3.602220
-3.036978
-1.791529
-1.829851
-2.213066
-2.759147
-2.768727
-3.142362
-3.812988
-3.755505
-3.477675
-3.717184
-4.330328
-4.493194
-4.435712
-4.292006
-4.474033
-4.799766
-4.579417
-4.234524
-4.196202
-3.803407
-2.519638
-2.787888
-4.014175
-4.090818
-3.515996
-3.372291
-2.931593
-3.104040
-4.406971
-5.882348
-5.700321
-4.885989
-5.489552
-5.393749
-4.244104
-4.071658
-3.630961
-2.069360
-2.328030
-3.056138
-3.036978
-4.004595
-5.441651
-5.499133
-4.656060
-4.761445
-5.307526
-4.818927
-4.713542
-5.163820
-4.751864
-4.311167
-3.985434
-3.592639
-2.423834
-2.366352
-3.448934
-3.707603
-3.583059
-3.650121
-4.042917
-4.224944
-4.435712
-4.042917
-3.621380
-3.784246
-3.985434
-4.081238
-3.755505
-3.602220
-4.148301
-4.272845
-4.339908
-3.995015
-3.592639
-4.272845
-3.966274
-3.832148
-4.014175
-3.975854
-3.583059
-4.014175
-4.838088
-4.723123
-4.914730
-4.263265
-4.464453
-5.412910
-4.866828
-4.991373
-6.399688
-6.313465
-5.163820
-4.502774
-5.058436
-4.828507
-2.998656
-2.385512
-3.333969
-3.036978
-3.151942
-3.563898
-3.266906
-3.870470
-3.650121
-2.941174
-3.219005
-3.726764
-3.956693
-4.435712
-3.927952
-3.554318
-4.244104
-3.832148
-3.266906
-3.132781
-3.065719
-4.148301
-5.259624
-4.924311
-5.135079
-5.594937
-5.077597
-4.588998
-4.119559
-4.014175
-4.090818
-4.129140
-4.148301
-3.908791
-3.918372
-4.167461
-4.656060
-4.272845
-3.104040
-3.908791
-4.292006
-3.726764
-3.956693
-4.062078
-3.132781
-3.314808
-4.627319
-4.378230
-4.761445
-6.160179
-6.572134
-5.537455
-5.048855
-5.805705
-5.297945
-4.694382
-5.154240
-4.742284
-4.062078
-4.608159
-4.129140
-2.174744
-2.500477
-3.391451
-4.292006
-5.202141
-3.535157
-2.146003
-2.979495
-4.100399
-5.000954
-5.661999
-5.853607
-4.828507
-4.598578
-5.355427
-5.087177
-5.211722
-5.757803
-5.278784
-4.071658
-3.755505
-4.339908
-4.004595
-3.966274
-4.560256
-4.474033
-4.062078
-3.621380
-3.544737
-3.506416
-3.851309
-4.014175
-3.726764
-3.592639
-3.650121
-4.042917
-4.109979
-4.014175
-4.339908
-3.870470
-3.659702
-4.052497
-3.496835
-2.002298
-2.423834
-3.353130
-3.286067
-3.257326
-2.998656
-3.870470
-5.010534
-5.297945
-5.547035
-5.182981
-3.899211
-4.167461
-4.531516
-3.717184
-3.707603
-3.333969
-2.787888
-3.151942
-3.324389
-4.138720
-5.269204
-4.435712
-3.056138
-3.036978
-3.765086
-4.713542
-4.665641
-3.908791
-3.305228
-3.276487
-4.119559
-4.761445
-4.320747
-3.123201
-3.429773
-3.573478
-2.778308
-3.640541
-4.905150
-4.023756
-2.251387
-2.165164
-2.490896
-2.768727
-3.391451
-3.678863
-3.563898
-3.515996
-3.621380
-3.908791
-3.918372
-4.177042
-4.177042
-3.065719
-2.787888
-3.151942
-3.698023
-4.196202
-3.812988
-2.644182
-2.720825
-3.247746
-3.247746
-4.474033
-4.924311
-3.899211
-3.544737
-4.732703
-5.537455
-5.786544
-6.399688
-5.575776
-4.454873
-5.527874
-6.150598
-5.451231
-4.885989
-4.378230
-3.774666
-4.109979
-4.751864
-4.196202
-3.688443
-3.812988
-3.755505
-4.339908
-5.106338
-5.211722
-5.020114
-4.933891
-4.771025
-4.196202
-4.550676
-5.202141
-4.397390
-3.410612
-3.563898
-3.515996
-2.998656
-3.372291
-4.167461
-4.042917
-3.860889
-3.774666
-3.860889
-3.774666
-3.611800
-3.659702
-3.803407
-4.244104
-4.196202
-4.177042
-4.167461
-3.669282
-3.439353
-3.209424
-2.739986
-3.008236
-2.759147
-1.666985
-2.011878
-2.663343
-3.094460
-3.659702
-2.701665
-1.877753
-2.730406
-3.736345
-4.330328
-4.359069
-4.014175
-3.104040
-3.056138
-4.263265
-4.454873
-4.177042
-3.803407
-3.008236
-3.132781
-3.554318
-3.266906
-4.608159
-5.968571
-4.512355
-3.592639
-4.751864
-4.933891
-4.771025
-5.556615
-5.547035
-5.422490
-5.489552
-5.029695
-4.320747
-4.483613
-3.324389
-1.801110
-2.692084
-2.366352
-2.098101
-3.812988
-4.981793
-4.675221
-3.908791
-3.793827
-3.870470
-4.023756
-3.975854
-3.947113
-3.937532
-3.937532
-4.301587
-4.588998
-3.995015
-3.956693
-4.071658
-3.880050
-4.397390
-4.023756
-2.625022
-2.835790
-3.420192
-3.075299
-4.023756
-5.451231
-5.997312
-5.384169
-4.857248
-5.345847
-5.451231
-5.135079
-4.244104
-3.458514
-4.330328
-4.732703
-4.186622
-2.941174
-2.605861
-3.065719
-3.535157
-4.119559
-4.138720
-4.895570
-4.751864
-4.071658
-4.119559
-4.138720
-4.521935
-5.939830
-6.964930
-5.834446
-5.192561
-4.895570
-3.391451
-3.803407
-4.857248
-4.359069
-3.640541
-2.816629
-2.548379
-3.659702
-4.301587
-3.860889
-3.650121
-3.803407
-3.995015
-4.205783
-4.426131
-4.167461
-3.793827
-3.745925
-4.339908
-4.493194
-3.947113
-4.062078
-4.109979
-3.401032
-3.065719
-3.036978
-2.289709
-2.423834
-3.592639
-4.263265
-5.068016
-4.224944
-2.586700
-3.056138
-4.138720
-4.157881
-4.656060
-4.761445
-3.458514
-3.592639
-4.761445
-4.569837
-3.860889
-4.023756
-3.477675
-3.228585
-3.602220
-3.286067
-2.893272
-3.324389
-3.650121
-4.052497
-4.234524
-3.947113
-2.835790
-1.082582
-2.107682
-3.822568
-3.880050
-4.521935
-3.841729
-2.414253
-2.730406
-2.759147
-2.031039
-2.557959
-3.908791
-3.669282
-3.314808
-3.401032
-3.563898
-3.755505
-3.851309
-3.774666
-3.736345
-4.090818
-4.253685
-3.956693
-4.071658
-3.870470
-2.433414
-3.104040
-4.042917
-3.736345
-4.339908
-4.617739
-3.391451
-2.941174
-3.592639
-2.912433
-2.845370
-3.793827
-4.359069
-4.493194
-3.947113
-4.560256
-4.598578
-4.119559
-4.636899
-4.512355
-4.569837
-5.211722
-4.656060
-2.787888
-2.787888
-3.889631
-4.272845
-3.851309
-3.650121
-3.554318
-3.880050
-5.269204
-5.661999
-4.617739
-4.502774
-4.569837
-4.100399
-3.640541
-4.292006
-4.474033
-2.711245
-3.611800
-4.771025
-4.320747
-4.483613
-5.048855
-4.943471
-4.895570
-5.374588
-4.972212
-4.541096
-4.215363
-4.062078
-4.119559
-3.899211
-3.918372
-3.678863
-3.075299
-3.171103
-3.448934
-3.094460
-2.922013
-2.845370
-3.056138
-3.889631
-4.531516
-3.602220
-2.299289
-2.433414
-2.126842
-2.969915
-4.962632
-5.393749
-4.732703
-5.412910
-6.102696
-4.818927
-3.611800
-4.033336
-4.349488
-2.893272
-2.586700
-2.692084
-1.753208
-2.050199
-3.429773
-3.698023
-4.320747
-5.096757
-4.224944
-3.822568
-4.866828
-6.093116
-5.182981
-4.387810
-4.636899
-4.263265
-2.979495
-3.362710
-4.157881
-2.931593
-3.094460
-3.908791
-3.544737
-3.630961
-4.531516
-4.215363
-3.209424
-2.979495
-3.362710
-3.544737
-3.755505
-3.851309
-3.774666
-3.975854
-4.196202
-4.301587
-4.224944
-4.311167
-3.985434
-2.605861
-2.950754
-3.353130
-2.797468
-2.912433
-2.969915
-2.002298
-1.925655
-3.238165
-2.874111
-3.314808
-5.489552
-5.278784
-3.698023
-3.583059
-3.889631
-4.406971
-4.646480
-3.525577
-3.621380
-4.406971
-4.033336
-4.713542
-4.416551
-2.807049
-1.925655
-2.260967
-3.151942
-4.062078
-4.732703
-4.062078
-3.621380
-5.020114
-5.547035
-4.560256
-3.975854
-3.333969
-3.161522
-3.812988
-3.880050
-3.784246
-4.483613
-3.199844
-2.117262
-2.960335
-2.989076
-3.372291
-4.780605
-5.182981
-4.761445
-4.445292
-4.167461
-4.292006
-4.100399
-3.640541
-3.669282
-3.937532
-3.927952
-4.426131
-4.157881
-3.784246
-4.109979
-3.276487
-2.270548
-2.787888
-2.663343
-1.494538
-2.059780
-3.429773
-4.560256
-4.962632
-3.793827
-2.634602
-3.698023
-4.435712
-4.905150
-5.863187
-5.824865
-4.809346
-3.726764
-4.330328
-3.870470
-3.535157
-5.096757
-5.211722
-3.669282
-3.563898
-4.378230
-3.765086
-2.998656
-3.372291
-3.669282
-4.301587
-5.087177
-4.962632
-4.157881
-3.918372
-4.790185
-4.828507
-4.588998
-3.745925
-3.228585
-3.238165
-2.375932
-2.098101
-2.462155
-2.385512
-2.098101
-2.586700
-3.180683
-3.458514
-3.592639
-4.138720
-4.282426
-3.726764
-3.717184
-3.956693
-4.186622
-4.665641
-4.397390
-2.797468
-2.538798
-2.787888
-2.912433
-4.569837
-4.847668
-2.759147
-1.791529
-2.442995
-2.625022
-3.448934
-5.182981
-5.499133
-4.780605
-4.818927
-5.211722
-4.895570
-4.378230
-4.885989
-4.493194
-4.071658
-3.755505
-3.602220
-3.286067
-2.155583
-2.854951
-3.305228
-3.765086
-4.224944
-3.583059
-3.401032
-3.563898
-4.502774
-4.560256
-4.100399
-5.000954
-4.924311
-4.397390
-3.899211
-2.816629
-1.561600
-1.599922
-2.596281
-2.941174
-3.717184
-3.583059
-2.787888
-2.414253
-2.605861
-3.563898
-3.755505
-3.602220
-3.535157
-3.621380
-3.793827
-4.109979
-4.138720
-3.659702
-3.190264
-3.343549
-3.161522
-3.324389
-3.286067
-3.132781
-4.301587
-4.100399
-2.538798
-2.912433
-4.320747
-4.234524
-4.694382
-4.282426
-2.989076
-3.621380
-4.157881
-4.157881
-4.157881
-4.656060
-5.125498
-4.608159
-4.493194
-4.684802
-4.033336
-2.874111
-3.190264
-3.343549
-3.161522
-3.573478
-3.151942
-2.950754
-3.841729
-4.761445
-5.307526
-5.432070
-4.876409
-4.119559
-4.387810
-5.135079
-4.368649
-3.765086
-2.625022
-1.475377
-2.165164
-2.241807
-2.280128
-2.912433
-2.969915
-2.375932
-2.347191
-2.941174
-3.228585
-3.602220
-3.774666
-4.109979
-4.263265
-4.090818
-4.253685
-3.832148
-3.640541
-3.554318
-2.768727
-3.017817
-3.132781
-3.190264
-3.458514
-3.956693
-3.458514
-2.845370
-3.305228
-2.778308
-3.515996
-5.345847
-6.188920
-4.617739
-3.515996
-4.224944
-3.822568
-4.129140
-5.623678
-5.700321
-5.374588
-5.585356
-4.579417
-2.759147
-3.266906
-3.995015
-3.468094
-3.841729
-3.151942
-1.973556
-2.893272
-4.062078
-4.234524
-5.058436
-4.454873
-3.190264
-4.330328
-5.096757
-4.234524
-3.707603
-3.707603
-3.209424
-2.366352
-2.586700
-3.056138
-2.912433
-3.458514
-3.458514
-3.468094
-3.956693
-3.822568
-4.004595
-4.330328
-4.483613
-4.311167
-4.109979
-4.014175
-3.726764
-3.717184
-3.832148
-3.880050
-4.157881
-3.784246
-3.247746
-3.860889
-3.899211
-2.692084
-2.864531
-4.052497
-3.860889
-4.761445
-6.409268
-6.188920
-5.106338
-4.598578
-5.106338
-4.598578
-4.857248
-4.981793
-4.167461
-4.292006
-4.224944
-4.311167
-4.847668
-5.345847
-3.975854
-3.209424
-3.477675
-2.117262
-2.098101
-3.324389
-2.912433
-2.835790
-3.793827
-3.745925
-3.113621
-3.793827
-4.732703
-4.550676
-4.100399
-2.653763
-1.743628
-2.050199
-2.318450
-2.567539
-2.557959
-2.557959
-3.161522
-3.937532
-4.177042
-4.167461
-4.167461
-4.406971
-4.397390
-4.397390
-4.512355
-4.205783
-3.812988
-3.995015
-3.956693
-3.458514
-3.468094
-3.841729
-4.253685
-4.818927
-4.474033
-3.324389
-3.889631
-3.669282
-3.563898
-4.004595
-2.730406
-2.136423
-2.605861
-3.190264
-3.583059
-4.512355
-4.943471
-4.157881
-4.167461
-5.278784
-5.796124
-5.048855
-4.454873
-4.416551
-3.669282
-3.314808
-4.263265
-3.966274
-3.324389
-4.014175
-4.703962
-5.278784
-5.671580
-4.617739
-3.755505
-4.713542
-5.039275
-4.320747
-4.608159
-4.119559
-2.787888
-2.787888
-2.787888
-3.401032
-3.927952
-4.177042
-3.927952
-3.314808
-3.525577
-3.621380
-3.784246
-3.985434
-4.205783
-4.177042
-4.042917
-4.234524
-4.071658
-4.244104
-3.956693
-2.960335
-2.989076
-3.487255
-4.339908
-4.742284
-4.062078
-2.883692
-3.199844
-3.343549
-2.548379
-3.161522
-3.084879
-2.548379
-3.161522
-3.812988
-4.617739
-5.355427
-4.349488
-2.404673
-2.969915
-5.211722
-6.006893
-5.891928
-4.109979
-2.663343
-2.720825
-2.510057
-2.653763
-4.071658
-5.106338
-4.349488
-4.502774
-5.307526
-4.818927
-4.713542
-4.426131
-3.669282
-4.062078
-4.368649
-3.640541
-3.429773
-4.311167
-3.496835
-2.375932
-2.835790
-2.931593
-3.094460
-4.157881
-4.406971
-3.784246
-3.621380
-3.784246
-4.234524
-3.822568
-3.266906
-3.372291
-3.429773
-3.822568
-3.755505
-3.238165
-3.487255
-4.215363
-4.435712
-4.416551
-3.908791
-3.056138
-2.299289
-2.184325
-2.011878
-2.299289
-3.908791
-3.678863
-3.812988
-4.368649
-3.889631
-3.669282
-3.688443
-4.186622
-4.541096
-4.215363
-4.435712
-4.541096
-3.966274
-2.969915
-2.251387
-3.525577
-4.234524
-3.209424
-2.854951
-3.429773
-3.822568
-2.768727
-2.902852
-4.071658
-4.119559
-3.525577
-2.883692
-3.937532
-4.062078
-4.119559
-4.387810
-4.397390
-4.521935
-3.841729
-4.138720
-4.895570
-4.512355
-4.569837
-4.847668
-4.598578
-4.368649
-4.138720
-3.908791
-3.554318
-3.880050
-4.272845
-4.090818
-3.880050
-4.406971
-4.282426
-3.238165
-3.487255
-3.851309
-3.650121
-4.416551
-5.508713
-3.927952
-3.075299
-4.023756
-4.713542
-5.029695
-4.081238
-3.995015
-4.454873
-5.278784
-6.284723
-5.891928
-4.100399
-3.027397
-3.017817
-4.004595
-5.317106
-5.441651
-3.401032
-3.688443
-4.924311
-3.908791
-3.305228
-3.391451
-4.042917
-4.474033
-5.422490
-6.715840
-6.342206
-4.071658
-2.519638
-2.414253
-3.094460
-4.282426
-5.451231
-4.397390
-4.521935
-4.454873
-3.190264
-4.320747
-6.083536
-6.533813
-5.020114
-4.196202
-4.426131
-4.282426
-3.975854
-3.832148
-3.755505
-3.726764
-3.841729
-4.378230
-5.010534
-4.799766
-4.215363
-3.573478
-3.640541
-3.803407
-2.893272
-2.462155
-2.385512
-1.369993
-2.366352
-3.947113
-4.062078
-4.493194
-3.822568
-3.142362
-3.314808
-3.525577
-3.736345
-4.205783
-4.924311
-4.023756
-3.487255
-4.090818
-4.502774
-4.569837
-3.611800
-3.908791
-4.292006
-3.736345
-4.330328
-5.719481
-5.135079
-4.368649
-5.250043
-5.652419
-4.857248
-4.493194
-4.445292
-4.167461
-3.793827
-3.381871
-3.056138
-3.027397
-3.391451
-3.554318
-3.391451
-3.678863
-3.698023
-2.711245
-2.136423
-2.481316
-3.132781
-3.190264
-3.458514
-4.081238
-4.368649
-4.138720
-3.908791
-4.167461
-4.282426
-4.464453
-4.675221
-4.521935
-4.953052
-4.531516
-3.966274
-4.435712
-4.656060
-3.535157
-3.755505
-3.851309
-3.151942
-3.075299
-2.423834
-3.602220
-5.010534
-5.297945
-5.556615
-5.920669
-5.968571
-5.010534
-4.186622
-4.790185
-3.841729
-2.414253
-3.104040
-4.033336
-3.726764
-3.468094
-3.592639
-4.023756
-4.713542
-3.803407
-3.870470
-5.010534
-4.560256
-4.598578
-5.719481
-5.259624
-4.426131
-3.918372
-2.452575
-2.011878
-3.286067
-3.630961
-3.056138
-3.774666
-4.349488
-4.502774
-3.832148
-3.142362
-3.688443
-3.937532
-3.812988
-3.630961
-3.793827
-3.985434
-4.081238
-4.119559
-4.263265
-4.828507
-4.723123
-3.927952
-4.177042
-4.301587
-3.736345
-3.841729
-4.253685
-3.219005
-2.989076
-4.109979
-4.263265
-4.828507
-6.323045
-7.137376
-5.796124
-4.675221
-4.646480
-4.263265
-4.454873
-5.163820
-4.751864
-3.084879
-3.171103
-3.458514
-2.107682
-2.960335
-4.090818
-4.627319
-5.115918
-3.745925
-2.366352
-2.711245
-3.487255
-4.588998
-5.594937
-5.077597
-3.975854
-3.458514
-3.343549
-3.908791
-3.918372
-2.816629
-3.046558
-3.391451
-3.190264
-3.583059
-3.151942
-2.213066
-3.132781
-4.550676
-4.588998
-4.119559
-3.774666
-3.985434
-3.956693
-3.573478
-3.765086
-3.726764
-3.468094
-3.841729
-3.640541
-2.931593
-3.104040
-3.180683
-2.720825
-2.625022
-2.950754
-2.490896
-2.644182
-3.947113
-4.560256
-4.349488
-4.617739
-4.991373
-4.550676
-3.477675
-3.841729
-4.751864
-4.186622
-4.665641
-5.010534
-4.933891
-5.010534
-5.048855
-3.966274
-2.720825
-2.749567
-3.381871
-4.052497
-3.985434
-4.569837
-5.221302
-5.144659
-5.853607
-5.690741
-3.401032
-2.701665
-3.353130
-4.033336
-4.847668
-4.608159
-3.506416
-3.860889
-3.899211
-3.305228
-3.515996
-2.998656
-3.496835
-5.211722
-5.518294
-4.914730
-4.512355
-3.956693
-3.947113
-4.062078
-4.109979
-4.263265
-4.330328
-4.244104
-4.569837
-4.224944
-2.711245
-2.385512
-2.596281
-2.692084
-3.353130
-3.295648
-2.404673
-2.596281
-3.190264
-3.832148
-4.014175
-3.602220
-4.272845
-5.077597
-5.700321
-6.351786
-6.543393
-6.006893
-4.780605
-4.205783
-4.675221
-3.669282
-2.088521
-2.213066
-3.247746
-4.100399
-4.502774
-5.182981
-4.148301
-3.784246
-5.336267
-5.824865
-5.556615
-5.182981
-4.885989
-4.617739
-4.742284
-5.547035
-5.671580
-3.880050
-2.922013
-3.333969
-3.535157
-2.883692
-2.711245
-3.487255
-4.090818
-4.004595
-3.966274
-4.320747
-4.234524
-4.196202
-4.301587
-4.474033
-4.301587
-4.224944
-4.435712
-4.406971
-4.397390
-3.908791
-2.567539
-3.305228
-4.502774
-4.320747
-4.359069
-4.378230
-4.263265
-4.205783
-4.062078
-3.995015
-3.841729
-3.276487
-3.755505
-5.211722
-5.020114
-4.933891
-6.246402
-6.112277
-5.192561
-4.646480
-5.125498
-4.732703
-2.826210
-2.557959
-3.659702
-4.292006
-4.224944
-3.822568
-3.506416
-3.362710
-3.420192
-4.799766
-6.064375
-5.048855
-4.579417
-4.847668
-4.109979
-3.525577
-3.860889
-4.148301
-2.797468
-1.810690
-2.078940
-2.078940
-2.078940
-2.692084
-3.353130
-4.033336
-4.474033
-3.937532
-3.573478
-3.765086
-3.975854
-3.832148
-3.640541
-3.544737
-3.755505
-4.090818
-4.378230
-4.263265
-2.979495
-2.385512
-2.596281
-3.056138
-3.401032
-2.701665
-1.877753
-2.854951
-4.167461
-3.305228
-3.142362
-5.163820
-6.102696
-4.818927
-4.474033
-5.288365
-4.818927
-4.100399
-4.502774
-4.569837
-4.474033
-4.675221
-4.771025
-5.058436
-5.202141
-4.521935
-4.330328
-4.244104
-3.832148
-3.880050
-3.420192
-4.186622
-5.278784
-4.799766
-4.090818
-4.378230
-5.374588
-4.972212
-4.052497
-4.109979
-4.129140
-4.636899
-3.650121
-2.203485
-2.136423
-2.232226
-3.257326
-4.359069
-4.742284
-4.560256
-4.224944
-4.186622
-4.301587
-3.736345
-3.353130
-3.410612
-3.563898
-4.004595
-4.703962
-4.292006
-3.975854
-4.943471
-4.895570
-4.263265
-4.205783
-3.688443
-2.711245
-2.989076
-3.985434
-4.569837
-4.723123
-3.563898
-2.529218
-3.650121
-4.656060
-4.397390
-4.387810
-4.512355
-4.445292
-4.665641
-4.646480
-4.263265
-3.966274
-2.835790
-3.669282
-4.799766
-3.841729
-4.138720
-3.784246
-2.634602
-3.448934
-4.330328
-4.359069
-4.991373
-5.776964
-4.914730
-4.387810
-4.636899
-4.263265
-3.717184
-3.094460
-4.157881
-4.157881
-3.544737
-3.630961
-2.318450
-2.567539
-4.646480
-5.250043
-4.914730
-4.512355
-3.956693
-3.822568
-4.119559
-4.387810
-4.263265
-4.205783
-4.426131
-4.656060
-4.387810
-2.912433
-2.107682
-1.973556
-2.404673
-2.969915
-3.113621
-2.692084
-2.615441
-2.826210
-3.171103
-3.707603
-3.583059
-4.627319
-5.115918
-4.109979
-4.387810
-4.761445
-3.573478
-3.391451
-3.314808
-3.391451
-4.416551
-4.406971
-2.922013
-2.596281
-3.678863
-3.812988
-3.506416
-4.109979
-4.138720
-3.659702
-4.426131
-5.393749
-4.732703
-4.550676
-5.202141
-5.010534
-4.186622
-4.052497
-3.985434
-2.481316
-3.257326
-4.359069
-3.889631
-4.282426
-3.238165
-1.887333
-3.343549
-4.397390
-4.148301
-4.033336
-3.736345
-3.717184
-3.707603
-3.822568
-4.129140
-4.272845
-4.090818
-4.129140
-4.023756
-2.500477
-2.031039
-2.557959
-2.922013
-3.458514
-3.094460
-1.944815
-1.647824
-2.749567
-3.257326
-3.123201
-2.203485
-2.260967
-4.014175
-4.464453
-4.675221
-5.269204
-4.426131
-3.056138
-3.401032
-4.416551
-4.406971
-4.033336
-3.113621
-3.056138
-3.640541
-3.793827
-3.870470
-3.774666
-3.123201
-2.318450
-2.931593
-4.330328
-5.470392
-6.121857
-5.077597
-3.726764
-3.717184
-2.845370
-2.442995
-3.736345
-3.592639
-1.925655
-1.762788
-2.308869
-2.433414
-2.989076
-4.109979
-4.636899
-4.263265
-3.966274
-3.947113
-4.301587
-4.474033
-4.435712
-4.167461
-3.918372
-3.803407
-4.244104
-4.330328
-3.870470
-4.023756
-3.975854
-3.947113
-4.924311
-4.521935
-3.707603
-3.707603
-2.107682
-1.849012
-2.711245
-2.500477
-2.893272
-3.947113
-3.947113
-3.573478
-4.004595
-2.979495
-1.762788
-2.548379
-3.650121
-3.190264
-2.845370
-4.042917
-4.847668
-4.857248
-4.732703
-4.052497
-3.745925
-4.579417
-4.109979
-3.640541
-4.416551
-4.531516
-4.454873
-5.412910
-6.102696
-5.068016
-4.215363
-4.062078
-2.519638
-2.414253
-3.353130
-2.682504
-2.366352
-3.075299
-3.161522
-2.462155
-2.998656
-3.985434
-4.081238
-3.995015
-3.966274
-3.573478
-3.401032
-3.688443
-4.186622
-4.292006
-4.838088
-4.723123
-4.062078
-4.483613
-4.435712
-3.554318
-4.368649
-4.751864
-2.835790
-2.931593
-3.219005
-3.851309
-5.489552
-4.416551
-2.797468
-3.774666
-4.713542
-4.790185
-5.068016
-4.828507
-3.975854
-3.707603
-5.058436
-5.077597
-4.224944
-3.209424
-2.730406
-3.496835
-3.851309
-4.263265
-4.330328
-4.981793
-4.790185
-4.579417
-5.834446
-6.169759
-5.844026
-5.805705
-6.160179
-5.585356
-4.828507
-4.100399
-2.663343
-3.219005
-4.215363
-3.448934
-2.720825
-3.487255
-3.726764
-2.730406
-2.749567
-3.506416
-3.851309
-4.014175
-4.339908
-3.995015
-3.841729
-4.014175
-3.851309
-3.525577
-3.745925
-3.717184
-3.707603
-4.071658
-3.995015
-3.468094
-3.841729
-3.889631
-1.820271
-2.337610
-4.292006
-4.100399
-4.876409
-6.342206
-5.671580
-4.866828
-4.866828
-4.981793
-5.163820
-4.751864
-4.186622
-4.052497
-4.972212
-5.029695
-4.196202
-4.052497
-4.608159
-3.880050
-3.659702
-4.541096
-3.477675
-3.717184
-4.569837
-4.847668
-5.096757
-5.336267
-4.962632
-4.042917
-4.598578
-4.732703
-4.426131
-4.282426
-3.851309
-3.401032
-2.950754
-3.353130
-3.784246
-2.998656
-2.883692
-4.550676
-5.087177
-4.100399
-3.640541
-3.793827
-3.870470
-3.899211
-3.918372
-3.918372
-4.052497
-3.860889
-4.272845
-4.464453
-3.812988
-4.004595
-3.841729
-3.525577
-3.736345
-3.353130
-2.433414
-2.615441
-2.950754
-2.979495
-3.985434
-3.592639
-2.912433
-3.209424
-3.592639
-4.023756
-4.838088
-5.585356
-5.317106
-4.943471
-5.508713
-5.652419
-4.981793
-5.403329
-5.853607
-4.090818
-3.142362
-3.314808
-2.165164
-2.241807
-3.391451
-4.167461
-4.541096
-4.464453
-4.301587
-4.723123
-5.776964
-6.150598
-5.575776
-4.579417
-3.487255
-3.975854
-3.458514
-2.232226
-3.142362
-3.190264
-2.720825
-3.736345
-4.339908
-3.880050
-4.023756
-4.339908
-4.119559
-3.774666
-3.611800
-3.659702
-4.052497
-3.860889
-3.774666
-3.611800
-4.033336
-5.336267
-5.077597
-3.975854
-4.081238
-4.004595
-3.592639
-4.138720
-4.148301
-3.784246
-3.621380
-3.544737
-4.493194
-4.933891
-4.521935
-4.818927
-4.962632
-5.882348
-5.700321
-3.899211
-3.544737
-4.368649
-4.138720
-3.046558
-2.778308
-3.765086
-4.588998
-3.995015
-3.104040
-3.056138
-3.151942
-4.062078
-4.109979
-3.276487
-4.119559
-4.272845
-5.077597
-5.326686
-3.851309
-3.525577
-4.119559
-4.263265
-4.454873
-4.177042
-4.541096
-5.815285
-4.809346
-3.362710
-3.180683
-3.209424
-3.228585
-3.477675
-3.841729
-4.263265
-4.205783
-4.062078
-3.985434
-3.832148
-4.129140
-3.774666
-4.109979
-5.125498
-5.230883
-4.780605
-4.081238
-3.755505
-4.588998
-5.221302
-4.282426
-3.851309
-3.889631
-4.033336
-4.838088
-4.234524
-2.969915
-3.113621
-3.793827
-4.359069
-4.004595
-3.353130
-3.659702
-3.803407
-3.132781
-2.941174
-3.468094
-2.979495
-2.874111
-3.678863
-3.937532
-3.439353
-2.347191
-2.328030
-2.078940
-2.328030
-3.669282
-3.927952
-4.799766
-7.051153
-6.246402
-4.521935
-4.828507
-4.100399
-3.765086
-3.602220
-4.023756
-4.224944
-3.209424
-2.730406
-3.123201
-3.554318
-3.391451
-3.678863
-3.812988
-3.257326
-2.998656
-3.496835
-4.224944
-4.320747
-4.359069
-4.014175
-4.215363
-4.560256
-4.349488
-4.253685
-4.081238
-4.493194
-4.560256
-5.336267
-4.588998
-3.008236
-3.381871
-3.793827
-4.608159
-4.244104
-4.196202
-4.914730
-4.512355
-4.445292
-4.292006
-3.975854
-4.071658
-3.745925
-2.989076
-3.123201
-3.065719
-3.151942
-3.688443
-3.209424
-3.841729
-5.115918
-4.732703
-5.039275
-4.454873
-3.314808
-3.765086
-3.851309
-4.512355
-4.943471
-3.420192
-2.950754
-3.602220
-4.023756
-4.723123
-3.927952
-2.328030
-2.567539
-3.171103
-3.333969
-3.650121
-3.918372
-3.927952
-3.803407
-4.119559
-4.138720
-3.908791
-3.793827
-3.745925
-3.353130
-3.918372
-4.416551
-4.406971
-4.646480
-4.387810
-4.023756
-4.224944
-4.684802
-5.144659
-4.378230
-3.401032
-4.052497
-4.732703
-4.675221
-4.771025
-3.956693
-3.822568
-4.742284
-4.675221
-4.771025
-6.294304
-7.625975
-6.390108
-4.953052
-4.531516
-3.841729
-3.765086
-3.362710
-3.180683
-4.196202
-4.052497
-4.608159
-5.968571
-5.250043
-4.177042
-4.416551
-5.020114
-5.173400
-4.761445
-3.707603
-3.947113
-5.288365
-5.432070
-5.125498
-4.119559
-3.650121
-3.180683
-3.458514
-3.592639
-2.912433
-3.458514
-3.832148
-3.765086
-3.602220
-3.535157
-3.745925
-3.966274
-3.947113
-3.937532
-3.812988
-4.244104
-3.956693
-3.333969
-3.899211
-4.033336
-4.100399
-5.365008
-5.211722
-2.682504
-2.989076
-3.985434
-3.094460
-3.669282
-3.075299
-1.561600
-1.963976
-2.519638
-3.027397
-3.630961
-3.544737
-3.630961
-4.780605
-6.045214
-5.901508
-5.709901
-4.761445
-2.960335
-2.615441
-2.826210
-2.184325
-2.998656
-4.234524
-2.969915
-3.487255
-4.953052
-4.895570
-5.853607
-5.566195
-4.081238
-3.995015
-4.205783
-3.688443
-3.448934
-4.071658
-2.768727
-1.302930
-2.213066
-3.123201
-3.678863
-4.177042
-4.052497
-3.860889
-4.023756
-3.975854
-4.071658
-4.244104
-3.956693
-3.937532
-3.937532
-3.812988
-4.119559
-3.650121
-3.180683
-3.094460
-3.046558
-3.151942
-3.573478
-4.751864
-5.307526
-5.058436
-4.339908
-3.630961
-3.305228
-3.266906
-3.870470
-3.535157
-2.395093
-2.845370
-3.420192
-3.698023
-4.071658
-3.870470
-3.659702
-3.678863
-3.812988
-3.755505
-3.602220
-3.036978
-2.778308
-3.142362
-3.563898
-4.129140
-4.263265
-3.353130
-3.295648
-3.640541
-3.305228
-3.640541
-3.669282
-3.439353
-4.196202
-4.550676
-4.464453
-4.550676
-3.487255
-2.739986
-3.496835
-4.224944
-3.573478
-2.653763
-2.969915
-3.362710
-3.420192
-3.812988
-3.755505
-3.726764
-3.832148
-3.640541
-3.305228
-3.027397
-3.506416
-3.362710
-3.295648
-4.368649
-4.876409
-5.115918
-5.221302
-4.033336
-3.113621
-3.554318
-3.017817
-2.395093
-2.720825
-2.998656
-3.995015
-4.454873
-4.665641
-5.508713
-5.776964
-5.527874
-5.776964
-6.514652
-6.236822
-5.748222
-5.029695
-3.947113
-3.937532
-2.826210
-1.695726
-2.280128
-3.286067
-4.119559
-3.650121
-3.429773
-4.311167
-5.221302
-4.656060
-4.023756
-3.975854
-4.320747
-4.732703
-4.177042
-3.803407
-3.621380
-2.557959
-1.197546
-1.178386
-1.293350
-1.101743
-2.241807
-3.391451
-3.678863
-3.812988
-3.870470
-3.908791
-3.918372
-3.927952
-3.927952
-4.177042
-4.292006
-4.713542
-4.541096
-4.090818
-4.627319
-4.627319
-4.004595
-3.717184
-3.219005
-2.241807
-3.142362
-4.301587
-3.985434
-5.068016
-5.202141
-3.420192
-3.688443
-4.311167
-3.985434
-4.694382
-5.891928
-4.847668
-3.870470
-4.771025
-3.707603
-3.219005
-4.215363
-4.311167
-3.372291
-3.420192
-4.435712
-3.669282
-3.448934
-4.320747
-4.234524
-3.583059
-3.899211
-4.042917
-3.496835
-3.975854
-4.818927
-4.100399
-3.142362
-3.563898
-4.742284
-4.799766
-3.851309
-3.774666
-3.113621
-3.056138
-4.014175
-4.454873
-4.301587
-4.100399
-4.253685
-4.205783
-4.062078
-3.745925
-3.841729
-4.014175
-3.726764
-3.717184
-3.333969
-3.899211
-4.780605
-4.205783
-3.314808
-3.650121
-3.927952
-2.701665
-2.739986
-3.372291
-3.305228
-4.014175
-3.726764
-2.730406
-2.883692
-3.190264
-4.330328
-5.096757
-5.834446
-5.681160
-4.378230
-4.761445
-4.933891
-4.771025
-4.569837
-4.349488
-4.004595
-3.717184
-3.707603
-2.356771
-2.213066
-3.611800
-4.646480
-4.761445
-4.196202
-4.675221
-6.121857
-6.926608
-6.188920
-5.106338
-4.598578
-4.004595
-4.090818
-3.391451
-2.577120
-3.056138
-2.538798
-2.912433
-4.445292
-5.029695
-4.560256
-4.224944
-4.311167
-4.234524
-4.071658
-3.755505
-3.726764
-3.956693
-4.062078
-4.359069
-4.378230
-3.899211
-3.793827
-4.109979
-4.014175
-3.726764
-3.219005
-2.366352
-2.462155
-2.998656
-2.634602
-3.573478
-5.614098
-5.824865
-5.058436
-4.330328
-4.368649
-3.889631
-3.295648
-3.755505
-3.975854
-3.094460
-2.931593
-2.854951
-1.341252
-1.734047
-3.276487
-4.109979
-5.125498
-6.332625
-6.658358
-5.326686
-4.579417
-5.585356
-5.192561
-4.272845
-4.090818
-3.640541
-2.807049
-3.161522
-3.947113
-3.937532
-4.675221
-3.784246
-2.634602
-3.698023
-3.573478
-3.266906
-4.483613
-5.173400
-4.876409
-4.493194
-4.435712
-4.292006
-4.598578
-4.857248
-4.608159
-4.493194
-4.560256
-4.713542
-3.803407
-2.893272
-3.075299
-3.161522
-3.084879
-4.282426
-4.464453
-2.337610
-2.328030
-3.803407
-4.359069
-3.880050
-2.557959
-2.308869
-4.033336
-5.460812
-5.259624
-4.675221
-3.659702
-3.314808
-4.378230
-4.014175
-3.477675
-3.841729
-3.151942
-3.573478
-3.515996
-2.998656
-3.496835
-3.726764
-4.579417
-5.585356
-5.317106
-4.454873
-4.301587
-4.349488
-4.617739
-5.115918
-4.608159
-4.253685
-4.694382
-4.416551
-4.282426
-4.828507
-4.962632
-4.167461
-3.554318
-3.142362
-2.950754
-3.104040
-3.420192
-3.688443
-3.822568
-4.129140
-3.899211
-3.544737
-3.755505
-4.090818
-4.378230
-4.263265
-3.592639
-2.174744
-2.500477
-3.640541
-3.793827
-3.745925
-3.228585
-2.126842
-3.094460
-4.895570
-5.115918
-5.844026
-5.317106
-3.832148
-3.765086
-4.224944
-4.196202
-4.790185
-5.566195
-4.330328
-3.132781
-4.416551
-5.020114
-4.809346
-5.451231
-5.374588
-4.483613
-3.698023
-3.698023
-3.947113
-4.435712
-3.554318
-3.266906
-4.608159
-3.995015
-3.228585
-3.975854
-4.071658
-3.755505
-3.602220
-2.299289
-2.184325
-1.887333
-0.890975
-1.523279
-2.069360
-2.567539
-3.171103
-2.835790
-3.046558
-3.276487
-2.893272
-2.950754
-3.228585
-3.113621
-3.065719
-3.276487
-3.630961
-4.157881
-4.521935
-3.841729
-3.151942
-3.324389
-3.525577
-3.496835
-4.349488
-4.368649
-2.663343
-3.219005
-3.841729
-3.027397
-2.778308
-2.165164
-2.126842
-2.960335
-3.602220
-3.774666
-4.109979
-3.774666
-2.500477
-3.142362
-4.301587
-4.847668
-5.221302
-4.033336
-3.113621
-3.305228
-3.276487
-3.017817
-3.506416
-3.611800
-2.433414
-2.989076
-4.972212
-5.518294
-5.537455
-5.048855
-3.966274
-4.196202
-5.039275
-4.579417
-3.496835
-2.625022
-1.963976
-2.280128
-2.912433
-3.084879
-3.420192
-3.324389
-3.027397
-3.391451
-3.803407
-4.119559
-4.387810
-3.899211
-3.420192
-3.448934
-3.956693
-4.311167
-4.109979
-3.525577
-2.998656
-3.870470
-4.636899
-4.387810
-4.761445
-4.560256
-3.851309
-3.650121
-2.078940
-2.088521
-2.950754
-1.628663
-2.117262
-3.084879
-3.420192
-5.048855
-5.068016
-4.464453
-4.052497
-3.496835
-3.611800
-3.659702
-2.941174
-2.605861
-2.452575
-1.638243
-2.251387
-3.142362
-3.937532
-4.426131
-3.305228
-2.280128
-2.423834
-3.228585
-3.238165
-3.362710
-4.033336
-4.962632
-6.380527
-5.690741
-4.138720
-4.148301
-3.784246
-3.372291
-2.931593
-2.969915
-2.989076
-2.634602
-3.448934
-3.583059
-3.401032
-3.812988
-3.880050
-3.659702
-3.439353
-3.583059
-3.889631
-3.908791
-4.416551
-4.521935
-3.841729
-3.889631
-3.793827
-3.496835
-3.851309
-3.276487
-2.644182
-3.698023
-3.458514
-3.104040
-4.157881
-3.918372
-2.816629
-3.171103
-3.707603
-3.583059
-4.138720
-3.410612
-2.701665
-3.726764
-4.454873
-4.914730
-5.010534
-3.573478
-1.791529
-1.705306
-2.280128
-2.787888
-4.512355
-5.307526
-3.956693
-3.698023
-4.560256
-4.588998
-5.355427
-5.087177
-3.851309
-4.014175
-4.454873
-3.927952
-3.075299
-3.535157
-2.893272
-1.973556
-2.280128
-2.672924
-2.854951
-3.180683
-3.583059
-3.151942
-3.199844
-3.717184
-3.956693
-3.947113
-3.937532
-3.812988
-3.745925
-3.841729
-3.889631
-3.544737
-3.257326
-3.496835
-3.975854
-4.569837
-5.096757
-4.598578
-3.017817
-3.506416
-4.349488
-4.617739
-5.230883
-4.167461
-2.931593
-3.583059
-4.138720
-4.521935
-4.943471
-4.531516
-3.717184
-3.707603
-4.818927
-4.224944
-3.573478
-3.640541
-3.429773
-2.960335
-2.989076
-3.372291
-4.282426
-5.077597
-4.100399
-3.889631
-4.656060
-4.521935
-3.966274
-3.822568
-3.142362
-2.950754
-2.979495
-2.011878
-2.299289
-3.410612
-2.950754
-2.739986
-3.621380
-4.521935
-4.943471
-4.157881
-3.554318
-3.630961
-4.167461
-4.656060
-4.636899
-4.138720
-3.659702
-3.563898
-3.515996
-3.487255
-3.975854
-3.832148
-4.004595
-4.464453
-4.062078
-4.483613
-4.684802
-4.406971
-3.535157
-2.519638
-2.529218
-2.174744
-2.002298
-2.174744
-2.002298
-2.787888
-3.391451
-3.563898
-4.378230
-4.636899
-4.751864
-6.035634
-5.776964
-4.665641
-5.010534
-4.560256
-4.100399
-3.276487
-1.532859
-1.456216
-2.778308
-2.289709
-1.571181
-2.337610
-2.941174
-3.343549
-3.171103
-3.822568
-5.115918
-4.732703
-4.062078
-4.359069
-4.742284
-4.560256
-4.349488
-4.866828
-4.493194
-2.845370
-2.193905
-3.123201
-3.669282
-3.937532
-4.301587
-4.349488
-4.129140
-3.774666
-3.611800
-3.535157
-3.630961
-3.793827
-4.234524
-4.081238
-3.755505
-4.100399
-4.378230
-5.000954
-5.661999
-5.729062
-5.384169
-4.608159
-3.630961
-3.305228
-3.391451
-3.190264
-2.854951
-2.567539
-3.420192
-5.297945
-5.681160
-5.604517
-4.953052
-3.918372
-4.167461
-4.167461
-3.554318
-3.266906
-3.132781
-3.563898
-4.866828
-4.493194
-3.458514
-3.094460
-2.922013
-4.330328
-4.608159
-4.119559
-4.636899
-4.263265
-4.828507
-6.073955
-4.684802
-3.420192
-3.812988
-3.630961
-4.531516
-4.464453
-2.088521
-2.213066
-3.008236
-2.883692
-3.563898
-3.880050
-3.659702
-3.688443
-3.812988
-3.995015
-4.081238
-3.880050
-3.784246
-3.860889
-4.272845
-3.966274
-3.209424
-3.477675
-3.841729
-3.640541
-4.531516
-4.953052
-3.305228
-2.414253
-2.356771
-2.586700
-3.429773
-3.075299
-3.410612
-4.186622
-3.803407
-4.119559
-4.885989
-4.502774
-3.458514
-4.081238
-4.742284
-4.550676
-4.713542
-3.927952
-3.803407
-4.368649
-3.889631
-3.544737
-3.755505
-4.588998
-6.332625
-7.022412
-5.987732
-5.384169
-5.470392
-5.144659
-5.240463
-4.914730
-4.148301
-4.771025
-4.943471
-4.771025
-4.205783
-3.688443
-3.698023
-4.196202
-3.927952
-2.826210
-2.922013
-3.343549
-3.774666
-3.860889
-3.525577
-3.621380
-3.659702
-3.439353
-3.698023
-3.822568
-4.253685
-4.081238
-3.142362
-3.812988
-4.617739
-4.617739
-4.866828
-3.880050
-2.922013
-3.583059
-3.401032
-3.563898
-4.866828
-5.355427
-5.460812
-3.908791
-2.442995
-3.113621
-3.554318
-3.755505
-3.477675
-4.090818
-4.991373
-5.039275
-5.432070
-5.499133
-5.403329
-4.129140
-3.036978
-3.142362
-3.812988
-3.755505
-3.353130
-4.282426
-5.451231
-5.499133
-4.665641
-4.148301
-4.895570
-4.627319
-4.378230
-5.623678
-5.460812
-4.521935
-4.943471
-4.895570
-3.151942
-3.563898
-4.253685
-4.454873
-4.790185
-3.966274
-3.458514
-3.592639
-3.774666
-3.736345
-3.592639
-3.650121
-3.803407
-4.119559
-4.751864
-4.445292
-3.554318
-3.266906
-3.008236
-2.768727
-3.266906
-3.372291
-2.318450
-2.557959
-3.046558
-2.529218
-3.276487
-3.142362
-2.950754
-4.588998
-5.345847
-4.962632
-5.029695
-4.818927
-3.602220
-4.148301
-4.895570
-4.253685
-4.081238
-2.653763
-1.619083
-2.241807
-2.280128
-2.174744
-2.739986
-2.883692
-2.586700
-3.678863
-4.301587
-4.224944
-5.173400
-5.125498
-4.866828
-5.604517
-6.188920
-6.332625
-5.422490
-4.263265
-3.966274
-4.071658
-3.755505
-3.851309
-3.640541
-3.305228
-3.515996
-3.487255
-3.851309
-4.263265
-4.205783
-4.186622
-4.292006
-4.100399
-3.765086
-3.851309
-4.761445
-4.809346
-5.202141
-5.508713
-4.541096
-4.953052
-5.144659
-4.502774
-4.071658
-4.493194
-4.445292
-4.541096
-5.202141
-4.636899
-4.512355
-4.081238
-4.368649
-5.614098
-5.211722
-5.020114
-5.297945
-4.320747
-4.109979
-4.512355
-4.694382
-4.656060
-3.410612
-1.599922
-1.369993
-2.854951
-3.429773
-3.573478
-3.401032
-3.065719
-3.650121
-3.918372
-3.554318
-3.630961
-4.042917
-3.736345
-3.966274
-5.058436
-5.566195
-6.418849
-5.336267
-2.749567
-2.395093
-3.209424
-2.366352
-1.973556
-3.506416
-4.224944
-4.311167
-4.359069
-4.253685
-4.330328
-4.244104
-4.196202
-4.301587
-4.109979
-4.138720
-3.535157
-3.008236
-3.381871
-3.678863
-4.052497
-4.234524
-3.209424
-2.490896
-2.893272
-2.586700
-2.567539
-2.807049
-2.663343
-2.854951
-4.042917
-5.585356
-5.192561
-4.521935
-4.569837
-5.211722
-6.255982
-5.508713
-5.039275
-4.943471
-4.033336
-4.349488
-3.266906
-2.270548
-3.774666
-4.109979
-4.263265
-4.339908
-3.257326
-3.611800
-4.282426
-3.966274
-4.684802
-5.393749
-4.608159
-5.230883
-6.505072
-5.997312
-5.259624
-3.812988
-2.519638
-3.151942
-4.177042
-3.065719
-2.299289
-3.171103
-3.084879
-3.295648
-3.880050
-4.148301
-4.157881
-4.157881
-4.033336
-3.985434
-4.320747
-4.732703
-4.426131
-4.656060
-5.623678
-5.336267
-4.339908
-4.004595
-3.592639
-2.423834
-2.605861
-3.190264
-3.219005
-4.090818
-3.765086
-2.625022
-3.448934
-3.458514
-2.107682
-2.586700
-3.429773
-2.347191
-2.701665
-4.838088
-5.585356
-5.939830
-4.378230
-2.902852
-3.333969
-3.401032
-3.075299
-2.912433
-3.822568
-3.640541
-3.429773
-4.186622
-4.177042
-4.905150
-5.863187
-6.188920
-5.355427
-4.847668
-4.608159
-3.142362
-2.701665
-2.989076
-2.260967
-2.663343
-4.330328
-4.368649
-3.525577
-3.247746
-3.372291
-3.420192
-3.698023
-3.947113
-4.062078
-3.985434
-3.707603
-3.583059
-3.650121
-4.292006
-4.224944
-3.822568
-3.880050
-4.521935
-5.068016
-5.326686
-4.828507
-3.611800
-3.046558
-2.040619
-2.184325
-2.874111
-2.213066
-3.008236
-4.608159
-5.115918
-5.345847
-5.087177
-4.349488
-4.129140
-4.636899
-4.751864
-5.058436
-4.953052
-4.042917
-4.359069
-3.889631
-3.171103
-3.573478
-3.515996
-3.860889
-5.000954
-4.550676
-3.726764
-4.579417
-5.345847
-4.713542
-4.177042
-4.790185
-4.943471
-4.895570
-4.502774
-4.196202
-3.563898
-2.040619
-1.571181
-2.462155
-2.510057
-2.653763
-3.583059
-4.014175
-3.966274
-3.822568
-3.755505
-3.851309
-3.889631
-3.918372
-3.803407
-3.621380
-4.033336
-3.611800
-3.171103
-3.573478
-3.640541
-2.931593
-3.104040
-3.305228
-2.040619
-3.295648
-4.742284
-4.186622
-3.927952
-3.678863
-3.573478
-3.391451
-3.563898
-4.742284
-5.911089
-5.958991
-4.512355
-3.832148
-4.378230
-4.014175
-3.851309
-3.276487
-1.781949
-1.580761
-2.347191
-2.452575
-2.625022
-3.439353
-2.960335
-2.864531
-3.927952
-3.927952
-4.541096
-5.939830
-5.240463
-3.678863
-3.688443
-3.822568
-4.253685
-4.454873
-2.941174
-2.366352
-3.199844
-3.707603
-3.832148
-2.778308
-2.653763
-3.583059
-3.765086
-3.975854
-3.832148
-3.889631
-3.908791
-3.554318
-3.515996
-3.611800
-4.157881
-3.918372
-4.541096
-5.690741
-5.125498
-4.244104
-3.956693
-4.435712
-5.029695
-5.671580
-5.115918
-4.359069
-4.129140
-3.659702
-4.416551
-3.918372
-2.442995
-3.362710
-4.406971
-5.508713
-5.039275
-3.219005
-3.477675
-4.828507
-5.211722
-4.406971
-3.784246
-4.109979
-4.014175
-2.739986
-3.257326
-3.621380
-3.295648
-4.004595
-2.854951
-2.318450
-3.793827
-3.995015
-4.454873
-6.026053
-4.790185
-2.979495
-3.611800
-4.397390
-3.784246
-2.998656
-2.883692
-3.324389
-3.161522
-2.213066
-2.519638
-3.151942
-3.448934
-3.707603
-3.947113
-3.698023
-3.448934
-3.583059
-3.774666
-3.736345
-3.592639
-3.036978
-1.427475
-1.159225
-2.146003
-3.228585
-4.588998
-4.608159
-2.644182
-2.347191
-3.439353
-3.583059
-4.138720
-3.036978
-1.791529
-2.567539
-3.420192
-3.075299
-3.410612
-4.301587
-3.736345
-4.090818
-5.240463
-5.029695
-4.445292
-3.190264
-2.107682
-2.098101
-2.088521
-2.577120
-3.295648
-3.391451
-2.941174
-3.841729
-5.365008
-5.336267
-5.077597
-5.077597
-4.464453
-4.177042
-3.927952
-2.452575
-2.260967
-3.027397
-2.155583
-2.117262
-2.711245
-3.238165
-3.487255
-2.251387
-1.916074
-2.749567
-3.496835
-3.726764
-3.717184
-3.707603
-3.707603
-3.707603
-3.947113
-4.062078
-4.359069
-4.378230
-4.512355
-5.068016
-4.330328
-3.870470
-4.885989
-4.502774
-2.969915
-3.228585
-2.989076
-2.510057
-2.778308
-2.040619
-2.308869
-3.295648
-3.266906
-3.621380
-4.033336
-3.238165
-3.851309
-5.738642
-5.882348
-5.575776
-5.068016
-4.838088
-4.972212
-3.554318
-2.893272
-3.448934
-4.320747
-5.096757
-3.975854
-3.458514
-4.196202
-4.550676
-5.202141
-5.384169
-5.958991
-6.725420
-5.115918
-3.870470
-3.899211
-3.918372
-4.665641
-4.148301
-2.433414
-2.490896
-3.142362
-4.052497
-4.483613
-4.062078
-4.359069
-4.253685
-3.956693
-3.947113
-3.937532
-3.937532
-3.927952
-3.927952
-4.426131
-4.282426
-3.851309
-3.525577
-3.123201
-3.678863
-4.301587
-4.474033
-4.799766
-5.326686
-4.454873
-3.688443
-3.937532
-3.324389
-3.151942
-3.448934
-3.458514
-4.330328
-5.470392
-4.895570
-4.751864
-5.412910
-5.115918
-5.096757
-4.474033
-2.835790
-2.931593
-3.468094
-3.343549
-3.410612
-3.439353
-3.583059
-3.765086
-4.838088
-4.972212
-4.541096
-4.215363
-3.698023
-4.311167
-4.483613
-4.062078
-4.234524
-4.445292
-4.656060
-4.761445
-4.684802
-4.406971
-4.397390
-3.899211
-3.544737
-3.870470
-4.023756
-4.224944
-4.186622
-4.177042
-4.167461
-4.042917
-4.100399
-4.014175
-3.726764
-3.832148
-3.765086
-4.962632
-5.767383
-5.029695
-5.058436
-5.068016
-5.077597
-5.451231
-5.374588
-4.359069
-4.004595
-4.330328
-3.870470
-3.420192
-2.826210
-3.171103
-4.320747
-4.847668
-6.083536
-5.547035
-4.445292
-5.154240
-5.000954
-3.937532
-3.688443
-4.435712
-5.154240
-4.627319
-3.151942
-3.448934
-4.196202
-4.426131
-4.656060
-3.286067
-3.266906
-4.857248
-5.221302
-5.269204
-4.684802
-2.807049
-2.912433
-4.196202
-4.675221
-5.259624
-5.288365
-5.671580
-5.844026
-4.205783
-2.213066
-2.021458
-3.036978
-3.515996
-3.736345
-4.090818
-3.755505
-3.602220
-4.023756
-3.975854
-3.832148
-3.755505
-3.113621
-3.056138
-3.765086
-4.713542
-5.278784
-4.062078
-2.759147
-3.266906
-4.981793
-5.039275
-4.205783
-3.688443
-3.084879
-4.033336
-3.975854
-3.947113
-4.675221
-4.771025
-5.307526
-5.805705
-5.048855
-4.454873
-4.541096
-4.215363
-4.062078
-3.995015
-3.592639
-2.912433
-3.084879
-3.420192
-3.688443
-2.835790
-2.069360
-2.941174
-3.717184
-3.094460
-3.295648
-4.751864
-4.924311
-5.010534
-5.048855
-4.694382
-4.292006
-2.874111
-2.452575
-2.749567
-2.768727
-2.529218
-1.925655
-2.625022
-3.324389
-3.401032
-3.688443
-3.812988
-3.506416
-3.362710
-3.669282
-4.052497
-4.234524
-4.684802
-4.531516
-4.454873
-4.550676
-4.215363
-3.937532
-4.062078
-4.493194
-4.933891
-5.508713
-4.416551
-3.420192
-3.199844
-2.854951
-3.803407
-4.119559
-3.525577
-3.870470
-3.899211
-3.918372
-5.403329
-5.479972
-5.029695
-5.671580
-4.991373
-4.301587
-4.723123
-3.812988
-2.395093
-2.107682
-2.586700
-3.544737
-3.506416
-2.998656
-3.008236
-3.257326
-3.123201
-3.314808
-3.889631
-4.272845
-4.953052
-4.656060
-3.899211
-4.292006
-3.736345
-2.979495
-2.136423
-1.983137
-2.902852
-3.822568
-4.617739
-4.502774
-4.320747
-4.234524
-4.320747
-3.870470
-3.171103
-3.333969
-3.650121
-3.678863
-4.311167
-4.234524
-5.058436
-5.317106
-4.205783
-4.062078
-3.870470
-4.148301
-4.646480
-4.272845
-3.851309
-3.525577
-1.896913
-1.264609
-1.705306
-1.906494
-2.989076
-3.985434
-4.454873
-5.163820
-4.627319
-5.115918
-6.208080
-5.365008
-4.847668
-4.723123
-4.914730
-5.374588
-5.221302
-3.908791
-3.554318
-3.755505
-3.238165
-3.736345
-3.104040
-2.682504
-3.841729
-4.502774
-5.192561
-6.370947
-5.441651
-4.014175
-4.215363
-4.560256
-5.575776
-5.317106
-3.468094
-2.854951
-3.180683
-4.071658
-4.617739
-4.004595
-3.966274
-3.947113
-4.186622
-4.541096
-4.464453
-4.301587
-3.985434
-3.832148
-4.378230
-4.263265
-4.713542
-5.776964
-5.527874
-4.550676
-4.349488
-4.742284
-4.675221
-4.157881
-3.429773
-2.960335
-2.126842
-3.084879
-4.033336
-3.985434
-4.818927
-4.598578
-4.493194
-5.911089
-5.719481
-5.010534
-4.684802
-3.669282
-3.688443
-3.573478
-4.014175
-4.588998
-3.745925
-2.864531
-3.180683
-3.209424
-2.854951
-2.816629
-2.059780
-2.692084
-3.841729
-4.138720
-5.384169
-5.594937
-4.090818
-4.129140
-4.272845
-3.113621
-3.793827
-3.985434
-2.356771
-2.586700
-2.682504
-2.490896
-3.132781
-2.941174
-2.854951
-3.429773
-3.812988
-4.119559
-4.138720
-3.784246
-3.621380
-3.420192
-3.448934
-3.094460
-2.922013
-3.219005
-3.477675
-2.730406
-2.759147
-3.142362
-1.839431
-2.098101
-3.688443
-4.186622
-4.426131
-3.669282
-2.213066
-3.008236
-3.496835
-3.238165
-3.851309
-4.512355
-4.454873
-5.163820
-5.489552
-5.029695
-4.694382
-3.544737
-3.870470
-3.295648
-2.280128
-3.286067
-2.644182
-2.222646
-3.381871
-3.918372
-3.927952
-4.301587
-5.211722
-5.882348
-6.073955
-5.058436
-3.966274
-4.445292
-4.780605
-5.556615
-5.182981
-2.797468
-1.925655
-2.260967
-1.801110
-1.954396
-3.008236
-3.381871
-3.554318
-3.506416
-3.487255
-3.602220
-3.659702
-3.803407
-3.995015
-3.841729
-4.138720
-4.148301
-4.157881
-4.042917
-3.621380
-4.033336
-4.339908
-4.617739
-5.000954
-4.435712
-3.056138
-2.663343
-2.481316
-2.395093
-3.084879
-2.922013
-3.468094
-4.330328
-4.368649
-4.378230
-3.650121
-4.292006
-4.598578
-3.870470
-3.908791
-3.429773
-4.809346
-5.690741
-3.650121
-2.692084
-3.104040
-2.931593
-2.356771
-2.826210
-2.548379
-2.672924
-3.592639
-3.036978
-4.129140
-5.499133
-3.678863
-2.711245
-3.238165
-3.123201
-3.927952
-3.688443
-1.849012
-2.347191
-3.065719
-2.912433
-3.583059
-3.765086
-3.851309
-3.899211
-3.793827
-3.621380
-3.784246
-4.109979
-4.627319
-4.627319
-4.751864
-4.311167
-3.736345
-4.205783
-4.062078
-3.745925
-4.090818
-3.640541
-2.816629
-3.784246
-3.496835
-2.625022
-3.688443
-3.947113
-3.698023
-3.448934
-3.458514
-4.818927
-5.451231
-5.499133
-6.390108
-6.926608
-5.700321
-4.263265
-3.966274
-3.458514
-3.583059
-3.401032
-2.826210
-2.797468
-2.663343
-3.832148
-5.489552
-4.905150
-4.014175
-4.588998
-4.483613
-4.186622
-3.678863
-2.826210
-3.420192
-4.062078
-3.870470
-3.774666
-3.496835
-3.726764
-3.219005
-2.739986
-3.247746
-3.860889
-4.397390
-4.023756
-3.611800
-3.784246
-4.359069
-4.378230
-3.899211
-4.033336
-4.100399
-3.889631
-4.033336
-3.736345
-2.979495
-3.487255
-3.851309
-3.036978
-3.017817
-2.893272
-1.475377
-1.312511
-2.222646
-2.893272
-3.937532
-4.799766
-3.966274
-3.583059
-5.000954
-5.661999
-4.866828
-4.617739
-4.378230
-3.889631
-4.397390
-5.135079
-4.493194
-3.333969
-2.912433
-2.471736
-2.883692
-3.563898
-2.653763
-1.609502
-2.596281
-3.065719
-2.663343
-3.592639
-4.512355
-3.343549
-2.922013
-4.694382
-5.029695
-4.320747
-4.234524
-3.333969
-2.299289
-2.557959
-3.046558
-2.414253
-2.979495
-5.087177
-5.585356
-4.818927
-4.474033
-4.426131
-4.167461
-3.554318
-3.381871
-3.803407
-3.995015
-4.081238
-4.244104
-3.832148
-2.902852
-3.209424
-3.477675
-3.717184
-4.694382
-4.905150
-3.765086
-3.238165
-3.726764
-3.717184
-3.956693
-5.297945
-6.533813
-5.393749
-3.995015
-4.454873
-4.550676
-4.713542
-5.154240
-4.502774
-3.956693
-4.560256
-4.598578
-3.132781
-2.816629
-2.433414
-2.126842
-3.822568
-4.129140
-2.787888
-3.027397
-3.506416
-3.362710
-4.167461
-4.406971
-3.908791
-4.416551
-5.882348
-5.087177
-3.611800
-3.908791
-3.305228
-2.280128
-2.548379
-3.650121
-3.678863
-3.563898
-4.378230
-4.636899
-4.138720
-3.784246
-3.621380
-3.544737
-3.630961
-3.793827
-3.985434
-4.081238
-3.880050
-4.033336
-4.339908
-3.880050
-4.033336
-4.598578
-4.981793
-4.675221
-3.784246
-3.247746
-3.611800
-3.908791
-4.052497
-4.598578
-3.381871
-3.314808
-4.876409
-4.253685
-4.330328
-5.470392
-3.669282
-2.213066
-3.123201
-3.803407
-4.109979
-3.765086
-2.864531
-2.941174
-3.592639
-4.014175
-3.851309
-3.401032
-3.812988
-4.129140
-4.023756
-4.962632
-4.905150
-3.525577
-3.860889
-4.148301
-3.793827
-4.234524
-5.058436
-3.841729
-2.414253
-2.241807
-1.916074
-3.238165
-5.336267
-6.188920
-5.604517
-4.588998
-3.985434
-3.832148
-3.889631
-4.157881
-4.157881
-3.918372
-3.918372
-4.167461
-4.406971
-4.521935
-3.966274
-3.084879
-3.420192
-3.573478
-3.391451
-3.803407
-3.745925
-2.615441
-2.701665
-3.611800
-3.286067
-3.391451
-4.177042
-3.803407
-3.132781
-3.678863
-4.550676
-5.077597
-4.828507
-3.985434
-3.707603
-5.058436
-5.077597
-4.588998
-4.857248
-4.234524
-3.832148
-4.004595
-4.330328
-3.621380
-3.171103
-3.822568
-3.506416
-2.874111
-3.688443
-5.048855
-3.841729
-3.027397
-4.129140
-4.023756
-3.975854
-4.071658
-3.880050
-3.286067
-3.017817
-3.630961
-3.420192
-3.324389
-4.014175
-4.339908
-3.995015
-3.592639
-3.774666
-4.224944
-4.311167
-3.985434
-3.956693
-3.947113
-3.812988
-4.368649
-4.387810
-3.161522
-3.209424
-3.602220
-3.535157
-3.995015
-4.330328
-3.008236
-1.906494
-2.126842
-2.471736
-3.008236
-4.359069
-5.365008
-4.962632
-5.144659
-5.853607
-5.317106
-4.090818
-4.129140
-4.387810
-4.885989
-3.765086
-1.887333
-1.868172
-2.356771
-2.462155
-2.998656
-4.598578
-4.608159
-4.617739
-5.230883
-4.780605
-4.205783
-4.550676
-5.077597
-4.224944
-4.071658
-4.981793
-3.812988
-2.155583
-2.854951
-3.429773
-2.098101
-1.849012
-2.960335
-2.615441
-3.439353
-4.196202
-3.812988
-3.880050
-3.659702
-3.678863
-3.812988
-3.995015
-4.205783
-4.301587
-4.224944
-4.071658
-4.493194
-4.071658
-3.257326
-3.736345
-3.592639
-3.036978
-2.902852
-2.471736
-1.283770
-1.465797
-3.151942
-3.314808
-3.765086
-3.736345
-2.481316
-3.132781
-3.688443
-3.324389
-3.899211
-4.656060
-4.272845
-3.975854
-5.058436
-4.828507
-4.474033
-5.297945
-5.556615
-4.071658
-3.132781
-4.301587
-4.100399
-3.027397
-3.880050
-4.646480
-4.387810
-4.512355
-4.818927
-4.224944
-3.448934
-3.832148
-3.640541
-3.554318
-4.617739
-4.866828
-3.257326
-2.510057
-3.027397
-2.893272
-3.199844
-4.818927
-5.451231
-4.521935
-3.832148
-3.640541
-3.669282
-3.448934
-3.209424
-3.353130
-3.535157
-3.995015
-4.454873
-4.052497
-3.132781
-3.554318
-3.889631
-3.918372
-4.665641
-5.020114
-3.583059
-2.040619
-2.318450
-3.180683
-4.809346
-6.562554
-6.878706
-5.681160
-4.742284
-5.297945
-5.058436
-4.339908
-3.995015
-4.339908
-4.981793
-4.790185
-3.966274
-2.471736
-3.381871
-4.167461
-3.420192
-4.186622
-4.301587
-2.874111
-2.701665
-3.353130
-3.784246
-3.860889
-4.148301
-4.157881
-3.793827
-3.008236
-3.008236
-3.630961
-2.557959
-2.433414
-2.864531
-2.701665
-3.611800
-5.508713
-6.016473
-5.029695
-4.196202
-4.052497
-3.985434
-3.956693
-4.062078
-3.630961
-3.544737
-3.745925
-3.726764
-4.081238
-4.244104
-3.832148
-3.027397
-3.017817
-3.132781
-3.688443
-4.675221
-4.406971
-3.171103
-2.222646
-3.257326
-4.359069
-4.004595
-3.104040
-2.193905
-2.136423
-2.730406
-3.123201
-3.927952
-4.665641
-4.646480
-4.512355
-4.943471
-5.393749
-4.493194
-2.960335
-2.375932
-2.347191
-2.941174
-3.468094
-3.228585
-3.851309
-4.876409
-4.866828
-4.119559
-4.512355
-5.058436
-4.215363
-4.435712
-5.029695
-4.071658
-4.368649
-3.889631
-1.820271
-1.465797
-1.791529
-2.318450
-2.931593
-3.717184
-3.707603
-3.583059
-3.765086
-3.487255
-3.602220
-4.023756
-3.726764
-3.219005
-3.353130
-3.535157
-3.745925
-4.215363
-4.071658
-2.893272
-3.075299
-3.171103
-2.711245
-3.238165
-3.362710
-2.442995
-2.874111
-4.052497
-3.496835
-3.477675
-4.579417
-3.995015
-2.969915
-3.975854
-5.182981
-5.374588
-4.847668
-3.995015
-3.592639
-4.636899
-5.365008
-3.985434
-2.481316
-2.883692
-2.577120
-2.069360
-2.567539
-2.433414
-2.375932
-3.084879
-3.535157
-3.995015
-4.828507
-4.598578
-3.870470
-4.272845
-4.953052
-4.521935
-4.205783
-2.950754
-2.615441
-3.448934
-3.094460
-3.171103
-2.960335
-2.251387
-2.289709
-2.922013
-3.333969
-3.410612
-3.563898
-3.640541
-3.918372
-4.042917
-3.985434
-4.196202
-4.177042
-4.292006
-3.726764
-1.992717
-1.552020
-2.328030
-2.816629
-3.161522
-3.573478
-2.414253
-2.117262
-3.094460
-3.046558
-4.138720
-5.384169
-5.594937
-4.339908
-3.381871
-4.167461
-4.541096
-3.228585
-2.998656
-3.372291
-2.318450
-2.931593
-3.592639
-1.925655
-1.887333
-2.979495
-2.625022
-2.826210
-2.797468
-2.299289
-2.682504
-3.592639
-4.636899
-4.876409
-4.493194
-3.458514
-3.343549
-4.272845
-3.966274
-3.822568
-3.880050
-3.171103
-2.835790
-3.056138
-3.640541
-3.544737
-3.506416
-4.100399
-4.129140
-3.784246
-3.736345
-4.090818
-4.004595
-3.477675
-3.353130
-3.784246
-3.736345
-3.966274
-4.560256
-3.975854
-4.205783
-5.039275
-4.694382
-4.157881
-4.292006
-3.736345
-2.366352
-2.701665
-3.851309
-4.751864
-5.422490
-4.263265
-2.730406
-3.372291
-3.669282
-3.314808
-3.889631
-3.908791
-3.554318
-3.880050
-5.384169
-5.958991
-5.125498
-4.732703
-4.186622
-3.927952
-3.803407
-3.017817
-2.519638
-2.778308
-2.778308
-3.889631
-5.518294
-5.288365
-5.920669
-5.594937
-3.966274
-4.445292
-4.665641
-3.286067
-3.017817
-3.506416
-2.375932
-1.734047
-3.027397
-3.515996
-3.362710
-4.406971
-4.771025
-4.445292
-4.416551
-4.157881
-4.033336
-4.349488
-4.004595
-3.717184
-4.081238
-3.880050
-3.535157
-3.745925
-4.090818
-4.253685
-3.956693
-3.822568
-4.244104
-4.445292
-2.941174
-3.228585
-4.828507
-4.474033
-3.698023
-3.084879
-3.908791
-4.780605
-4.694382
-5.518294
-5.661999
-3.995015
-3.104040
-3.420192
-4.062078
-3.995015
-3.717184
-2.845370
-2.193905
-2.998656
-3.860889
-4.761445
-6.169759
-6.447590
-4.857248
-4.483613
-5.173400
-4.387810
-3.525577
-4.234524
-4.569837
-3.860889
-4.387810
-4.387810
-3.774666
-4.349488
-3.266906
-2.519638
-3.889631
-3.544737
-3.132781
-4.790185
-5.192561
-4.521935
-4.330328
-4.244104
-4.071658
-3.630961
-3.420192
-3.698023
-3.822568
-3.755505
-3.851309
-3.525577
-3.496835
-3.975854
-4.196202
-4.052497
-4.608159
-4.244104
-2.596281
-3.429773
-4.071658
-3.745925
-3.602220
-2.663343
-2.605861
-3.439353
-3.822568
-3.391451
-3.927952
-4.052497
-2.634602
-2.586700
-3.803407
-3.870470
-3.420192
-3.688443
-3.324389
-2.787888
-3.650121
-4.541096
-4.579417
-4.608159
-4.368649
-4.253685
-5.192561
-5.623678
-5.700321
-6.974510
-7.568493
-6.121857
-4.703962
-4.042917
-3.247746
-3.123201
-3.305228
-3.151942
-2.826210
-3.171103
-3.084879
-3.410612
-4.550676
-4.713542
-4.416551
-4.033336
-3.851309
-3.525577
-3.372291
-3.669282
-3.937532
-3.927952
-4.426131
-4.157881
-3.784246
-4.234524
-3.947113
-3.324389
-2.912433
-3.209424
-2.366352
-2.471736
-3.247746
-2.634602
-3.199844
-4.454873
-5.278784
-5.048855
-5.441651
-6.849965
-6.160179
-4.359069
-4.502774
-4.445292
-3.678863
-4.062078
-4.493194
-2.960335
-2.375932
-3.937532
-4.186622
-4.177042
-5.403329
-5.729062
-4.148301
-3.171103
-3.822568
-4.014175
-3.104040
-2.931593
-3.094460
-3.295648
-4.253685
-4.818927
-3.362710
-3.056138
-3.899211
-3.429773
-3.209424
-3.592639
-4.023756
-4.100399
-4.253685
-4.445292
-4.541096
-4.464453
-4.301587
-3.611800
-3.171103
-3.333969
-3.525577
-3.381871
-3.305228
-3.276487
-3.132781
-4.301587
-4.723123
-4.550676
-4.464453
-4.301587
-3.372291
-2.807049
-3.774666
-3.736345
-3.353130
-3.295648
-4.129140
-5.384169
-5.719481
-5.997312
-5.508713
-3.439353
-2.845370
-3.420192
-3.698023
-3.324389
-3.401032
-2.826210
-2.433414
-2.739986
-2.883692
-3.688443
-4.435712
-4.656060
-4.148301
-3.659702
-3.927952
-4.665641
-4.521935
-4.828507
-4.962632
-4.790185
-4.205783
-3.937532
-3.199844
-2.854951
-2.941174
-2.979495
-3.362710
-3.669282
-4.426131
-4.905150
-5.125498
-4.732703
-4.799766
-4.828507
-4.847668
-4.972212
-4.656060
-4.387810
-4.387810
-4.272845
-3.726764
-2.969915
-2.011878
-2.663343
-3.956693
-3.947113
-3.812988
-4.119559
-3.286067
-3.266906
-4.857248
-4.608159
-3.880050
-5.508713
-6.763742
-5.623678
-5.211722
-5.144659
-3.880050
-4.282426
-5.326686
-4.828507
-3.851309
-3.650121
-3.563898
-2.280128
-2.797468
-4.138720
-4.148301
-4.646480
-5.863187
-5.202141
-4.397390
-5.384169
-5.844026
-4.953052
-4.656060
-5.374588
-4.972212
-2.816629
-2.184325
-3.362710
-2.682504
-1.992717
-1.925655
-2.375932
-3.822568
-4.378230
-4.387810
-4.387810
-4.148301
-3.784246
-3.745925
-3.966274
-4.311167
-4.474033
-3.947113
-3.698023
-4.186622
-4.416551
-4.656060
-4.397390
-3.286067
-3.017817
-2.768727
-2.280128
-3.535157
-4.608159
-3.381871
-3.803407
-4.857248
-4.244104
-4.694382
-5.518294
-5.163820
-3.640541
-3.180683
-4.445292
-4.292006
-2.864531
-3.314808
-4.138720
-4.397390
-4.397390
-4.148301
-3.544737
-3.755505
-4.215363
-3.324389
-3.899211
-5.642838
-6.208080
-5.115918
-3.995015
-4.330328
-4.368649
-4.138720
-4.512355
-4.694382
-4.167461
-4.416551
-4.406971
-2.797468
-3.161522
-4.062078
-3.870470
-4.272845
-3.113621
-1.705306
-2.519638
-3.515996
-3.860889
-4.023756
-3.975854
-3.822568
-4.129140
-3.899211
-3.669282
-3.937532
-3.927952
-4.301587
-4.359069
-3.027397
-2.404673
-2.845370
-3.056138
-3.774666
-3.496835
-2.251387
-2.280128
-3.410612
-3.563898
-3.391451
-5.029695
-5.796124
-4.560256
-4.349488
-5.479972
-5.393749
-5.719481
-6.121857
-4.953052
-3.918372
-3.803407
-3.870470
-2.548379
-2.672924
-3.717184
-3.583059
-3.889631
-3.669282
-2.816629
-3.410612
-3.688443
-3.822568
-4.493194
-4.435712
-3.554318
-3.017817
-3.745925
-3.966274
-4.320747
-4.847668
-4.847668
-3.870470
-3.036978
-3.515996
-2.998656
-2.883692
-4.675221
-5.384169
-4.857248
-4.483613
-4.071658
-3.745925
-3.602220
-3.535157
-3.745925
-3.841729
-3.889631
-4.157881
-4.531516
-4.090818
-3.640541
-3.180683
-2.347191
-3.190264
-4.454873
-3.563898
-2.529218
-2.299289
-3.171103
-4.560256
-3.487255
-3.113621
-4.167461
-4.042917
-4.359069
-5.365008
-4.723123
-3.563898
-3.266906
-3.870470
-3.659702
-2.701665
-3.477675
-3.353130
-2.797468
-3.286067
-3.381871
-3.190264
-3.458514
-4.694382
-4.780605
-4.818927
-6.323045
-6.399688
-4.962632
-4.042917
-4.598578
-3.506416
-2.375932
-3.573478
-4.627319
-3.640541
-2.692084
-3.353130
-2.557959
-2.797468
-4.761445
-5.297945
-5.058436
-4.703962
-4.292006
-4.588998
-4.608159
-4.129140
-3.774666
-3.372291
-3.429773
-4.186622
-4.052497
-3.132781
-3.439353
-3.583059
-2.538798
-2.538798
-2.548379
-1.197546
-1.427475
-2.634602
-2.960335
-3.851309
-4.387810
-3.650121
-3.305228
-3.640541
-4.780605
-6.054794
-5.901508
-4.723123
-3.812988
-4.244104
-4.569837
-4.847668
-5.470392
-4.771025
-3.592639
-3.650121
-4.292006
-4.339908
-4.129140
-3.161522
-2.471736
-3.745925
-4.464453
-3.937532
-4.799766
-6.179339
-5.230883
-4.416551
-4.521935
-3.343549
-3.161522
-3.812988
-2.768727
-1.542440
-2.203485
-3.487255
-4.090818
-4.253685
-4.330328
-4.119559
-3.774666
-3.736345
-3.717184
-3.707603
-3.707603
-3.583059
-3.765086
-4.100399
-4.253685
-3.094460
-3.171103
-4.320747
-4.234524
-4.196202
-4.426131
-3.678863
-2.586700
-2.442995
-2.615441
-3.199844
-3.956693
-4.933891
-5.135079
-5.106338
-4.972212
-4.665641
-4.895570
-5.365008
-4.847668
-4.483613
-3.333969
-1.312511
-1.849012
-3.324389
-4.014175
-4.588998
-5.345847
-4.100399
-3.515996
-4.847668
-4.981793
-4.292006
-3.611800
-3.659702
-3.927952
-4.052497
-4.847668
-4.483613
-3.075299
-2.672924
-3.343549
-3.659702
-2.452575
-2.634602
-4.311167
-5.096757
-3.860889
-3.286067
-4.004595
-4.090818
-4.004595
-4.090818
-4.368649
-4.138720
-4.023756
-4.224944
-4.186622
-4.426131
-4.406971
-4.646480
-4.761445
-4.435712
-4.541096
-4.215363
-4.062078
-4.483613
-4.435712
-3.803407
-4.119559
-4.512355
-4.579417
-5.345847
-4.588998
-3.621380
-4.033336
-4.474033
-5.297945
-5.796124
-6.035634
-5.278784
-4.320747
-4.109979
-3.650121
-4.292006
-3.611800
-2.922013
-4.445292
-4.665641
-4.521935
-5.317106
-5.815285
-5.182981
-4.636899
-5.738642
-5.633258
-4.483613
-3.822568
-4.004595
-4.339908
-3.880050
-4.521935
-3.468094
-2.366352
-2.701665
-2.251387
-2.529218
-4.138720
-4.885989
-4.014175
-3.602220
-3.659702
-3.554318
-3.515996
-3.736345
-4.090818
-4.004595
-3.966274
-4.560256
-4.838088
-4.234524
-3.832148
-3.640541
-2.692084
-2.615441
-2.950754
-2.366352
-3.324389
-4.263265
-4.579417
-4.972212
-4.177042
-3.180683
-2.720825
-3.247746
-4.100399
-4.876409
-5.604517
-4.339908
-3.142362
-4.426131
-5.518294
-4.665641
-2.797468
-2.538798
-3.286067
-2.768727
-3.142362
-5.288365
-6.169759
-4.847668
-4.483613
-5.547035
-5.297945
-4.943471
-5.135079
-4.244104
-2.356771
-2.088521
-2.328030
-1.341252
-1.619083
-2.481316
-3.132781
-4.177042
-4.292006
-3.113621
-2.078940
-2.452575
-3.611800
-3.899211
-3.669282
-3.563898
-3.266906
-3.132781
-3.314808
-3.151942
-3.075299
-3.908791
-4.042917
-2.634602
-2.471736
-3.247746
-4.224944
-5.796124
-5.786544
-3.812988
-3.506416
-4.598578
-4.244104
-4.445292
-5.403329
-4.991373
-4.426131
-4.406971
-4.771025
-4.569837
-4.109979
-4.751864
-4.435712
-3.918372
-4.665641
-3.908791
-2.193905
-2.874111
-3.688443
-3.324389
-3.525577
-4.972212
-6.016473
-5.278784
-4.311167
-5.096757
-5.336267
-5.202141
-5.508713
-4.541096
-3.851309
-4.014175
-3.717184
-2.481316
-2.270548
-2.912433
-3.084879
-3.420192
-4.799766
-5.441651
-4.636899
-4.263265
-3.966274
-3.822568
-4.378230
-4.387810
-3.899211
-4.282426
-4.464453
-3.937532
-3.927952
-4.301587
-3.975854
-3.468094
-3.468094
-3.104040
-2.807049
-3.161522
-2.711245
-1.398734
-1.762788
-3.286067
-3.880050
-3.784246
-3.736345
-3.353130
-3.171103
-3.573478
-4.263265
-4.703962
-4.905150
-3.899211
-2.931593
-3.956693
-4.560256
-3.851309
-3.276487
-4.244104
-3.832148
-3.142362
-3.563898
-3.391451
-3.314808
-3.640541
-3.918372
-3.554318
-3.755505
-3.353130
-2.184325
-2.625022
-4.062078
-4.359069
-4.014175
-4.090818
-4.378230
-3.640541
-3.429773
-4.196202
-3.439353
-2.347191
-3.439353
-4.435712
-3.918372
-3.927952
-3.927952
-3.803407
-3.870470
-3.784246
-3.736345
-4.090818
-4.129140
-4.023756
-3.851309
-3.036978
-3.142362
-3.678863
-3.812988
-4.119559
-4.263265
-2.854951
-1.829851
-1.963976
-2.404673
-3.956693
-5.671580
-6.227241
-4.636899
-3.401032
-4.301587
-4.474033
-2.586700
-1.829851
-2.337610
-2.452575
-2.749567
-3.257326
-2.883692
-2.826210
-3.295648
-2.529218
-3.151942
-4.799766
-4.953052
-4.406971
-4.033336
-4.349488
-4.004595
-4.703962
-5.767383
-4.905150
-4.138720
-4.023756
-3.238165
-1.638243
-2.375932
-3.573478
-3.401032
-3.563898
-2.653763
-1.484957
-1.810690
-2.692084
-3.228585
-3.362710
-3.669282
-3.803407
-3.621380
-4.033336
-4.474033
-4.435712
-4.406971
-4.521935
-3.956693
-3.573478
-4.129140
-4.148301
-2.922013
-3.094460
-3.669282
-2.088521
-2.213066
-3.870470
-4.157881
-4.282426
-5.087177
-5.211722
-5.020114
-5.547035
-5.671580
-4.742284
-4.435712
-4.416551
-3.908791
-3.678863
-4.186622
-4.052497
-3.123201
-3.803407
-3.745925
-2.864531
-3.305228
-4.378230
-5.000954
-4.426131
-4.292006
-5.336267
-5.326686
-4.579417
-4.732703
-4.799766
-4.953052
-4.042917
-2.749567
-2.519638
-2.663343
-2.720825
-3.123201
-3.429773
-3.947113
-4.924311
-5.508713
-5.652419
-4.857248
-4.359069
-4.129140
-4.023756
-4.339908
-4.244104
-3.832148
-3.880050
-4.033336
-4.598578
-4.244104
-3.219005
-3.726764
-4.330328
-4.981793
-5.652419
-4.368649
-2.778308
-3.640541
-4.167461
-3.918372
-4.292006
-3.860889
-2.912433
-3.084879
-4.272845
-4.713542
-4.914730
-5.499133
-5.154240
-4.378230
-3.650121
-3.927952
-4.052497
-3.372291
-3.793827
-3.372291
-3.180683
-4.320747
-3.496835
-1.887333
-2.117262
-3.084879
-3.295648
-3.755505
-4.100399
-3.640541
-4.042917
-4.234524
-4.320747
-4.608159
-3.257326
-2.385512
-2.720825
-2.385512
-1.858592
-2.222646
-2.519638
-2.165164
-2.615441
-3.439353
-3.458514
-3.468094
-4.081238
-4.368649
-4.263265
-4.205783
-4.186622
-4.292006
-4.349488
-3.630961
-3.793827
-3.995015
-3.592639
-3.650121
-3.554318
-3.755505
-4.464453
-4.550676
-3.726764
-3.592639
-3.774666
-3.362710
-4.042917
-3.736345
-2.241807
-2.529218
-3.027397
-3.640541
-4.292006
-3.975854
-4.205783
-4.426131
-4.167461
-4.406971
-4.895570
-3.640541
-2.203485
-2.510057
-3.266906
-4.359069
-3.391451
-2.213066
-3.123201
-4.167461
-4.292006
-4.474033
-4.550676
-3.975854
-3.947113
-4.311167
-3.247746
-3.736345
-5.192561
-4.148301
-3.295648
-2.653763
-2.107682
-2.462155
-2.998656
-3.372291
-3.429773
-3.573478
-4.014175
-4.090818
-3.880050
-3.659702
-3.803407
-4.244104
-4.320747
-4.109979
-3.151942
-2.950754
-3.477675
-3.228585
-3.726764
-4.579417
-3.621380
-2.682504
-3.353130
-3.535157
-4.359069
-5.365008
-5.460812
-4.157881
-2.807049
-3.650121
-4.177042
-3.056138
-3.774666
-4.972212
-4.656060
-4.397390
-4.397390
-3.295648
-2.644182
-3.698023
-3.333969
-3.774666
-4.723123
-3.688443
-3.324389
-4.138720
-4.885989
-5.115918
-4.723123
-3.812988
-3.381871
-4.167461
-4.656060
-4.397390
-3.659702
-3.314808
-2.902852
-2.720825
-3.123201
-3.554318
-4.119559
-4.387810
-4.263265
-3.966274
-3.947113
-3.937532
-3.688443
-3.812988
-3.880050
-3.784246
-4.109979
-4.253685
-4.579417
-3.985434
-3.832148
-5.115918
-4.732703
-3.439353
-3.333969
-3.276487
-2.155583
-2.615441
-4.177042
-4.052497
-4.732703
-5.048855
-3.717184
-3.841729
-3.889631
-3.793827
-4.608159
-4.244104
-2.969915
-3.487255
-3.851309
-4.263265
-5.068016
-3.602220
-2.548379
-3.036978
-3.027397
-1.906494
-2.625022
-3.937532
-2.826210
-2.184325
-3.487255
-4.588998
-5.096757
-4.723123
-3.812988
-4.244104
-4.081238
-2.768727
-2.529218
-3.151942
-2.711245
-2.375932
-3.822568
-4.253685
-3.956693
-4.809346
-5.451231
-4.885989
-4.129140
-4.148301
-4.157881
-3.918372
-3.803407
-3.995015
-4.081238
-3.755505
-3.975854
-4.330328
-3.381871
-3.056138
-3.276487
-3.880050
-4.282426
-3.975854
-3.094460
-3.544737
-4.732703
-4.675221
-4.646480
-4.512355
-4.569837
-3.860889
-3.774666
-4.972212
-4.416551
-4.157881
-4.406971
-3.784246
-4.598578
-4.857248
-4.732703
-3.812988
-4.129140
-5.125498
-4.742284
-3.937532
-3.314808
-3.889631
-4.406971
-5.144659
-6.342206
-5.920669
-4.368649
-4.253685
-4.703962
-4.780605
-3.832148
-3.391451
-3.314808
-3.391451
-3.305228
-2.902852
-2.586700
-2.318450
-3.554318
-4.991373
-4.914730
-4.512355
-4.081238
-3.755505
-3.975854
-3.707603
-3.707603
-4.071658
-3.870470
-3.659702
0.000000
0.000000
0.000000
0.000000
0.000000
0.000000
0.000000
0.000000
0.000000
0.000000
0.000000
0.000000
0.000000
0.000000
0.000000
0.000000
0.000000
0.000000
0.000000
0.000000
0.000000
0.000000
0.000000
0.000000
0.000000
0.000000
0.000000
0.000000
0.000000
0.000000
0.000000
0.000000
0.000000
0.000000
0.000000
0.000000
0.000000
0.000000
0.000000
0.000000
