0.229929
0.229929
-0.019161
0.105384
0.785590
0.977198
0.938876
0.680206
0.440697
0.574822
0.756849
0.967617
1.063421
0.986778
0.948457
1.053841
0.977198
0.823912
0.632304
0.661046
0.670626
0.440697
0.574822
0.871814
0.900555
0.661046
0.431117
0.565242
0.756849
0.718528
0.574822
0.517340
0.852653
1.005939
1.082582
0.996359
0.708947
0.938876
1.293350
1.216707
0.929296
0.804751
0.986778
1.197546
1.044260
0.737689
0.833492
0.881394
0.900555
1.034680
1.092162
1.245448
1.073002
0.747269
0.469438
0.584403
0.756849
0.718528
0.584403
0.517340
1.590342
1.963976
0.670626
1.542440
2.308869
2.059780
2.797468
1.542440
-0.756849
-1.341252
-0.143706
0.546081
-0.488599
-0.603563
0.086223
0.287411
0.986778
1.197546
0.431117
0.076643
0.890975
1.274189
1.456216
2.021458
1.063421
-0.364054
-0.795171
0.114964
0.172447
-1.025100
-0.603563
0.076643
-0.584403
-0.526920
0.488599
-0.019161
-0.258670
0.977198
0.823912
0.507760
0.728108
0.584403
1.130484
1.015519
0.469438
0.584403
0.517340
-0.249090
-1.101743
-1.379573
-1.015519
-0.114964
0.555661
0.871814
1.140064
1.140064
0.900555
1.034680
1.092162
0.871814
1.264609
1.571181
0.728108
0.210768
0.344893
0.890975
1.149644
1.149644
1.513699
1.810690
1.082582
0.383215
0.910135
0.421536
0.191607
0.948457
1.302930
0.728108
0.459858
1.810690
2.318450
1.446636
2.021458
2.414253
1.369993
0.028741
-0.239509
0.986778
1.322091
0.613144
0.162866
0.804751
1.724467
1.781949
0.335313
-1.197546
-1.053841
-0.249090
0.364054
1.398734
2.002298
1.916074
1.130484
1.638243
2.605861
2.567539
2.050199
0.958037
1.302930
1.216707
0.316152
0.392795
0.795171
0.862233
0.890975
1.025100
0.843073
0.641885
0.785590
0.728108
1.571181
2.328030
1.944815
1.398734
0.776010
2.078940
3.180683
1.973556
1.283770
0.843073
1.245448
3.525577
2.998656
1.025100
1.216707
1.427475
1.398734
1.877753
1.360413
0.143706
-0.057482
0.095804
1.274189
2.672924
2.347191
1.590342
2.577120
2.922013
1.973556
1.781949
1.197546
-0.306572
-0.756849
-1.092162
-0.756849
0.747269
0.718528
0.948457
0.316152
-0.220349
0.258670
1.714886
1.657404
0.890975
2.011878
2.040619
1.446636
0.795171
1.475377
1.791529
1.207127
1.168805
1.159225
1.025100
1.092162
1.245448
1.073002
0.862233
0.651465
0.670626
1.532859
2.059780
2.433414
2.490896
2.260967
3.381871
3.171103
1.360413
-0.229929
-0.852653
0.450277
1.676565
2.011878
1.302930
-0.009580
-0.134125
-0.191607
0.890975
1.762788
0.699367
1.187966
1.657404
0.776010
1.216707
1.791529
0.958037
0.076643
0.153286
0.555661
0.383215
-0.316152
-0.517340
0.239509
0.728108
-0.277831
-1.235868
0.153286
1.178386
0.670626
1.791529
2.433414
1.255029
0.210768
1.082582
1.849012
1.973556
2.021458
1.063421
1.475377
1.542440
0.967617
0.814332
0.622724
0.661046
0.670626
0.929296
1.044260
0.728108
0.584403
0.517340
1.590342
2.088521
2.203485
2.251387
1.417895
2.251387
2.404673
1.245448
1.312511
1.590342
1.724467
2.155583
1.858592
1.235868
0.450277
0.210768
0.095804
0.411956
0.431117
-0.172447
0.287411
0.747269
0.708947
0.823912
2.098101
2.203485
0.900555
1.149644
2.500477
2.519638
1.781949
1.686145
0.910135
-0.067063
0.210768
0.584403
0.881394
1.513699
1.073002
0.124545
0.795171
1.839431
1.226287
0.565242
1.494538
2.165164
1.868172
0.747269
0.469438
1.073002
0.986778
0.833492
0.632304
0.536501
0.613144
0.651465
0.431117
0.325733
0.268250
0.488599
1.820271
2.442995
2.615441
2.567539
1.810690
2.682504
2.854951
1.571181
0.613144
-0.086223
-0.661046
-0.680206
-0.325733
-0.526920
-0.862233
0.076643
0.890975
0.661046
0.555661
0.383215
0.421536
0.076643
1.140064
2.366352
1.590342
1.360413
1.983137
1.168805
0.421536
0.440697
-0.047902
0.220349
1.322091
2.213066
1.638243
0.766430
0.479019
0.344893
0.402376
1.657404
2.490896
2.634602
2.337610
2.069360
1.456216
0.431117
0.689787
0.689787
-0.172447
-0.938876
-0.689787
-0.086223
0.450277
0.574822
0.507760
0.728108
0.823912
0.632304
0.536501
0.737689
1.322091
1.724467
2.031039
1.676565
1.025100
1.829851
1.714886
1.044260
0.728108
-0.277831
0.229929
1.446636
1.532859
0.833492
-0.229929
-0.479019
-0.718528
-0.958037
-0.823912
-0.268250
0.603563
1.389154
1.992717
2.280128
2.404673
1.734047
0.316152
0.756849
1.580761
0.737689
0.459858
0.335313
0.028741
-0.977198
-0.823912
-0.268250
-0.498179
0.996359
1.197546
-0.795171
-0.009580
2.078940
2.069360
1.944815
1.887333
1.494538
1.302930
0.852653
-0.220349
-0.479019
0.143706
0.306572
0.268250
0.364054
0.411956
0.680206
0.804751
0.862233
1.140064
0.900555
1.398734
1.264609
0.584403
0.641885
0.785590
1.465797
1.417895
1.149644
0.287411
-0.364054
0.689787
1.417895
1.274189
0.843073
0.632304
0.910135
-0.067063
-0.776010
0.249090
0.479019
0.958037
0.814332
-0.239509
0.124545
1.283770
1.456216
1.044260
1.714886
2.146003
1.494538
0.938876
1.542440
1.944815
1.638243
1.619083
1.609502
1.245448
1.312511
1.350832
0.747269
1.456216
2.031039
1.437056
1.159225
2.136423
2.586700
2.433414
1.868172
0.871814
0.776010
0.852653
1.255029
1.322091
0.977198
0.948457
1.053841
0.852653
0.641885
0.785590
0.977198
2.050199
2.308869
2.184325
1.992717
1.417895
2.260967
2.031039
1.312511
0.488599
-0.507760
0.488599
1.820271
1.092162
0.632304
0.536501
-0.124545
-0.306572
0.584403
1.005939
0.220349
0.095804
0.038321
0.019161
0.613144
1.638243
0.641885
-0.565242
0.843073
1.619083
0.996359
0.344893
-0.459858
-0.220349
0.134125
0.057482
-0.469438
-0.220349
0.747269
0.833492
1.983137
2.395093
1.360413
1.245448
1.437056
0.670626
1.293350
2.442995
1.130484
-0.574822
-0.641885
0.182027
0.699367
1.053841
1.101743
0.756849
0.843073
1.255029
1.322091
1.350832
1.360413
1.609502
1.609502
1.609502
1.484957
1.552020
2.193905
2.002298
1.427475
1.887333
1.743628
-0.296991
-0.881394
0.440697
0.574822
0.019161
0.862233
1.753208
1.302930
0.852653
0.517340
0.239509
-0.258670
0.364054
1.398734
1.628663
1.494538
0.938876
1.168805
0.785590
0.114964
0.172447
-0.536501
0.114964
1.647824
1.130484
0.526920
0.737689
1.935235
2.136423
1.235868
0.325733
0.392795
2.021458
2.289709
0.823912
-0.354474
-0.296991
-0.268250
-0.737689
-0.479019
0.383215
0.670626
0.555661
0.622724
0.900555
0.910135
0.546081
0.498179
0.718528
0.948457
1.916074
2.730406
2.998656
2.260967
0.929296
1.542440
2.193905
1.877753
1.983137
1.168805
-0.565242
-1.494538
-0.708947
-0.210768
-0.469438
0.756849
0.833492
-0.229929
0.747269
2.193905
1.877753
1.484957
2.653763
2.711245
1.638243
1.130484
0.651465
-0.431117
-0.450277
0.028741
-0.364054
-0.546081
-0.009580
-0.134125
-1.293350
-1.350832
-0.881394
-0.047902
0.948457
0.440697
-0.162866
1.149644
1.389154
1.015519
2.069360
2.807049
2.289709
1.801110
1.082582
0.258670
0.239509
0.479019
0.958037
0.938876
0.680206
0.804751
0.747269
0.469438
0.584403
1.005939
2.059780
2.308869
2.059780
2.184325
1.389154
1.753208
2.040619
1.073002
1.235868
1.427475
1.772369
0.948457
-0.421536
-0.450277
-0.220349
1.245448
1.935235
1.638243
0.881394
0.038321
0.134125
0.057482
1.494538
1.925655
1.513699
1.561600
0.967617
0.450277
0.210768
0.459858
0.086223
0.162866
1.417895
1.647824
0.641885
1.149644
2.625022
2.452575
1.513699
2.423834
3.333969
2.538798
1.916074
1.379573
0.153286
-0.306572
0.593983
0.392795
-0.067063
0.086223
-0.086223
0.076643
0.277831
0.498179
0.479019
0.344893
0.651465
0.910135
0.919716
1.034680
1.705306
1.647824
1.753208
1.676565
0.900555
1.523279
1.935235
2.251387
1.781949
1.561600
1.341252
0.009580
0.000000
0.000000
-0.124545
0.546081
0.249090
-0.383215
-0.431117
0.038321
0.507760
0.967617
2.538798
2.902852
1.724467
1.657404
1.877753
0.622724
0.162866
0.804751
0.498179
-0.507760
-0.239509
-0.488599
-1.580761
-0.747269
0.507760
0.229929
-0.383215
0.795171
1.839431
1.475377
2.155583
2.356771
0.239509
-0.996359
0.143706
0.795171
0.239509
-0.134125
-0.067063
0.210768
0.220349
0.344893
0.402376
0.306572
0.392795
0.546081
0.622724
0.411956
0.804751
1.226287
1.925655
2.615441
2.203485
2.500477
2.270548
1.666985
1.877753
1.245448
-0.526920
-1.724467
-0.440697
0.153286
-0.421536
0.910135
1.159225
-0.565242
-0.756849
0.009580
0.124545
0.546081
2.462155
3.362710
1.810690
1.207127
0.440697
-1.398734
-1.513699
-0.105384
0.440697
-0.536501
-0.498179
0.373634
0.785590
0.613144
-0.086223
0.814332
1.484957
1.178386
1.044260
1.590342
2.213066
0.910135
0.421536
0.680206
-0.057482
-1.379573
-1.638243
-0.890975
-0.421536
0.287411
0.498179
0.479019
0.708947
1.063421
0.862233
0.641885
0.670626
0.680206
1.791529
2.922013
2.950754
2.481316
2.136423
1.120903
0.392795
1.044260
0.479019
-0.756849
-0.114964
0.431117
0.565242
0.632304
0.785590
2.328030
2.682504
1.005939
0.344893
1.140064
1.140064
0.526920
1.226287
1.063421
0.249090
0.229929
-0.019161
0.479019
0.708947
0.210768
1.073002
1.724467
1.178386
1.159225
0.411956
0.440697
0.938876
1.053841
1.465797
1.178386
0.421536
-0.296991
0.469438
1.073002
0.498179
0.843073
0.143706
-2.146003
-2.730406
-1.398734
-0.172447
0.287411
0.249090
0.364054
0.411956
0.431117
0.450277
0.699367
1.063421
1.101743
1.743628
1.666985
1.389154
1.379573
1.255029
2.308869
2.912433
1.973556
1.283770
0.354474
-1.437056
-0.919716
0.306572
-0.354474
-0.172447
0.526920
-0.124545
-0.919716
-0.316152
1.073002
1.599922
1.609502
2.711245
3.353130
2.423834
2.605861
2.442995
0.402376
0.182027
0.814332
0.258670
-0.134125
0.296991
0.134125
0.057482
0.641885
1.159225
1.887333
1.734047
1.791529
1.695726
0.546081
0.986778
1.561600
-0.009580
-0.009580
0.728108
0.095804
-0.699367
-0.574822
0.210768
0.708947
0.938876
0.804751
0.622724
0.776010
0.852653
0.766430
0.603563
0.641885
1.398734
1.877753
2.222646
2.021458
0.450277
1.187966
1.906494
0.766430
0.843073
1.005939
1.207127
0.804751
0.124545
0.795171
0.488599
-1.245448
-1.810690
-0.977198
-0.210768
-0.229929
1.120903
2.854951
2.308869
1.446636
0.795171
1.475377
1.906494
0.766430
0.593983
0.402376
-0.182027
-0.210768
0.383215
0.546081
0.249090
0.977198
1.427475
0.661046
0.431117
1.302930
0.603563
-0.086223
1.552020
2.318450
1.571181
1.350832
0.258670
-0.986778
-0.220349
0.134125
-0.067063
0.335313
0.766430
0.843073
0.881394
1.149644
1.149644
1.025100
1.092162
1.120903
1.628663
1.858592
2.222646
2.634602
1.226287
1.187966
2.395093
2.098101
1.839431
2.078940
2.078940
1.456216
0.067063
-1.322091
-2.098101
-0.613144
1.427475
0.785590
-0.249090
-0.488599
0.009580
0.000000
0.114964
0.785590
1.350832
1.858592
1.599922
1.475377
0.440697
-0.900555
-1.283770
-0.977198
0.890975
2.375932
2.088521
1.341252
1.734047
1.916074
1.130484
1.753208
2.165164
1.130484
1.255029
1.446636
0.546081
0.498179
1.207127
0.680206
-0.172447
0.038321
0.507760
0.852653
0.641885
0.546081
0.737689
0.958037
0.938876
0.804751
0.622724
0.411956
0.680206
1.791529
2.184325
1.140064
-0.086223
0.325733
0.756849
-0.019161
0.354474
1.389154
1.140064
-0.210768
-0.469438
-0.344893
-1.274189
-0.229929
1.360413
0.756849
0.843073
1.120903
0.517340
0.364054
1.762788
2.299289
1.810690
2.069360
1.695726
0.546081
-0.114964
-0.546081
-1.369993
-2.117262
-1.609502
-0.392795
0.306572
0.632304
0.411956
0.804751
0.613144
1.140064
2.126842
1.484957
1.427475
2.136423
2.960335
2.730406
1.025100
-0.134125
-0.555661
-0.881394
-0.421536
0.411956
0.929296
1.044260
0.977198
1.187966
1.044260
0.728108
0.833492
0.996359
2.059780
2.557959
2.663343
2.720825
2.251387
3.132781
2.941174
1.245448
1.187966
0.919716
-0.804751
-1.734047
-0.450277
0.526920
-0.622724
-0.172447
1.264609
0.833492
-0.354474
-1.149644
-0.785590
-0.622724
-0.172447
0.651465
0.670626
-0.182027
-0.584403
0.459858
0.708947
0.574822
0.268250
0.114964
0.546081
0.986778
0.823912
0.632304
0.536501
0.488599
0.967617
1.063421
0.737689
1.197546
2.155583
1.858592
0.373634
0.172447
0.929296
0.431117
0.076643
-0.210768
-0.229929
0.498179
0.718528
0.699367
0.574822
0.632304
0.661046
0.555661
0.747269
0.958037
2.289709
3.036978
3.008236
3.247746
2.490896
2.510057
2.519638
1.417895
1.887333
1.619083
-0.967617
-1.561600
-0.613144
-0.411956
-0.938876
0.172447
1.676565
1.638243
1.130484
0.028741
0.622724
1.762788
1.063421
0.613144
0.651465
1.532859
1.944815
1.025100
0.229929
-0.019161
-0.383215
-0.431117
1.149644
1.762788
0.450277
0.335313
0.890975
1.025100
1.092162
0.996359
0.344893
-0.948457
0.162866
1.916074
1.877753
1.245448
-0.038321
-0.507760
0.249090
1.465797
1.906494
1.140064
0.651465
0.431117
0.689787
1.053841
0.977198
0.823912
0.996359
0.958037
1.178386
1.283770
1.331672
1.724467
1.044260
1.590342
1.963976
1.159225
0.661046
0.182027
0.574822
0.143706
-0.431117
0.411956
0.182027
-1.025100
-0.977198
-0.335313
-0.038321
-0.143706
0.172447
1.178386
2.395093
2.347191
1.456216
1.168805
1.034680
0.967617
0.574822
-0.105384
-0.546081
-0.632304
-1.034680
-0.862233
0.574822
0.756849
0.344893
1.638243
1.868172
0.871814
0.526920
0.737689
1.446636
1.657404
1.255029
0.220349
-1.130484
-1.513699
-0.708947
0.402376
0.919716
1.044260
0.977198
0.938876
1.053841
0.977198
0.823912
0.996359
1.197546
1.053841
2.088521
2.692084
2.232226
1.657404
1.389154
2.241807
2.021458
1.063421
1.235868
1.801110
2.059780
1.331672
0.373634
0.421536
0.680206
1.293350
1.580761
1.714886
1.408315
0.287411
-0.114964
-0.057482
1.322091
3.314808
3.266906
2.749567
2.749567
1.772369
1.561600
2.318450
1.695726
0.421536
-1.034680
-1.963976
-0.555661
1.331672
1.360413
1.120903
1.504118
0.699367
0.814332
2.471736
1.762788
0.938876
2.031039
2.050199
0.344893
-0.823912
-0.019161
0.718528
0.459858
0.584403
0.641885
0.546081
0.622724
0.776010
0.852653
0.641885
0.661046
1.044260
1.590342
1.350832
1.484957
1.552020
1.331672
2.337610
1.954396
0.910135
1.159225
1.149644
0.411956
0.191607
0.450277
0.086223
-0.574822
-0.153286
0.910135
1.523279
1.686145
1.149644
0.900555
0.910135
0.546081
1.235868
1.925655
1.264609
1.322091
1.226287
0.814332
0.498179
-0.507760
-0.613144
-0.162866
-0.450277
-1.073002
-0.383215
0.182027
0.086223
0.277831
0.249090
0.852653
0.517340
1.216707
2.778308
2.155583
1.494538
0.201188
-0.277831
0.229929
-0.143706
0.047902
0.756849
0.967617
0.814332
0.747269
0.958037
0.938876
0.565242
0.507760
0.603563
1.379573
2.241807
2.395093
1.609502
-0.354474
0.201188
1.446636
1.408315
2.126842
2.835790
3.659702
2.682504
0.517340
0.479019
0.708947
-1.149644
-1.762788
-0.335313
-0.162866
-1.063421
-0.134125
1.408315
1.753208
2.538798
3.515996
2.251387
-0.182027
-0.210768
0.268250
0.000000
-0.009580
0.239509
0.718528
0.210768
-0.890975
-0.910135
-0.306572
-0.641885
-0.795171
0.728108
1.322091
0.364054
1.025100
2.069360
1.705306
0.910135
-0.191607
-0.095804
-0.421536
-1.302930
-0.613144
-0.047902
0.469438
0.823912
0.996359
1.197546
1.168805
1.034680
0.852653
1.005939
1.695726
2.385512
2.462155
1.389154
-0.210768
0.756849
1.944815
1.762788
1.801110
1.571181
2.203485
1.523279
-0.277831
-0.622724
-0.795171
-0.249090
1.350832
2.347191
1.829851
0.967617
1.312511
1.465797
0.565242
0.258670
0.852653
0.641885
0.546081
1.963976
1.896913
-0.344893
-1.025100
-0.728108
0.392795
1.896913
1.619083
0.392795
-0.316152
0.833492
1.609502
0.996359
0.584403
1.130484
1.379573
1.140064
1.513699
0.699367
-0.785590
-0.488599
0.498179
0.105384
-0.076643
0.574822
0.756849
0.593983
0.402376
0.555661
0.871814
1.140064
1.264609
0.958037
1.676565
2.011878
1.676565
2.126842
1.973556
2.395093
2.347191
1.092162
1.360413
1.245448
-0.776010
-1.101743
0.210768
0.833492
0.756849
0.593983
0.277831
-0.737689
-1.820271
-1.590342
-0.383215
0.919716
1.408315
1.264609
0.708947
-0.411956
-1.178386
-0.057482
1.073002
0.498179
0.229929
0.229929
0.344893
0.038321
0.383215
1.647824
2.241807
1.781949
0.584403
1.628663
2.845370
1.820271
2.193905
2.739986
1.159225
0.172447
0.814332
0.622724
-0.325733
-0.038321
0.718528
0.948457
1.053841
1.226287
1.302930
1.216707
1.053841
0.862233
1.015519
1.207127
1.781949
1.810690
1.820271
1.705306
1.159225
2.385512
2.826210
1.561600
0.479019
-0.392795
-1.044260
-1.111323
0.210768
0.459858
-1.015519
-1.092162
-0.641885
0.555661
0.996359
-0.028741
0.843073
2.107682
2.088521
1.465797
0.680206
1.293350
1.341252
0.258670
-0.996359
-1.207127
-0.450277
0.028741
0.373634
-0.076643
-0.411956
-0.316152
-0.277831
0.843073
1.868172
1.724467
1.542440
0.833492
-0.229929
-0.967617
0.277831
0.249090
-1.111323
-0.776010
-0.239509
0.373634
0.661046
0.680206
0.804751
0.737689
0.593983
0.392795
0.431117
0.565242
0.507760
0.603563
1.255029
1.571181
1.714886
1.532859
0.843073
1.868172
2.347191
1.216707
0.565242
0.632304
1.762788
1.437056
-0.680206
-0.565242
-0.143706
-1.542440
-1.705306
-0.440697
0.277831
0.498179
1.580761
2.826210
2.672924
1.609502
0.996359
1.073002
0.996359
0.335313
-0.210768
0.019161
0.249090
0.354474
1.264609
1.446636
-0.057482
0.086223
1.015519
0.843073
0.756849
1.331672
1.849012
1.101743
0.756849
1.331672
1.724467
1.542440
0.344893
0.402376
0.546081
-0.114964
0.555661
0.996359
0.948457
0.814332
0.747269
0.958037
1.063421
0.862233
0.766430
0.603563
1.015519
2.069360
2.922013
2.347191
0.479019
0.708947
1.437056
1.034680
0.852653
1.255029
1.073002
0.134125
-0.316152
-0.028741
-0.134125
-1.791529
-2.318450
-1.207127
-0.689787
-0.699367
1.015519
1.331672
0.862233
1.379573
1.992717
2.768727
2.270548
2.165164
1.369993
-0.095804
0.191607
0.450277
-0.162866
-0.814332
-0.507760
0.249090
0.603563
2.126842
3.448934
2.960335
1.743628
1.178386
1.283770
0.843073
0.756849
0.593983
-0.708947
-0.948457
-0.201188
0.268250
0.124545
0.172447
0.565242
0.632304
0.785590
0.977198
0.948457
0.804751
0.986778
1.197546
1.906494
2.117262
2.337610
2.557959
1.686145
1.647824
1.743628
0.938876
0.067063
0.143706
-0.795171
-2.098101
-1.101743
-0.028741
-0.507760
0.622724
1.638243
1.255029
1.437056
1.772369
1.686145
1.274189
1.695726
1.772369
1.561600
1.465797
1.044260
0.977198
0.823912
0.383215
0.057482
0.632304
1.274189
0.105384
-0.689787
-0.948457
-0.201188
0.517340
0.728108
2.059780
2.433414
1.504118
1.312511
1.465797
0.680206
1.302930
2.203485
1.389154
1.015519
0.967617
0.814332
0.986778
1.197546
1.417895
1.398734
1.015519
0.718528
0.948457
1.053841
0.862233
1.628663
1.868172
2.337610
2.567539
1.197546
1.781949
2.184325
0.890975
1.149644
0.536501
-1.724467
-2.404673
-1.130484
-0.661046
-1.293350
-0.239509
0.862233
0.402376
-0.057482
0.335313
0.526920
0.114964
1.034680
2.203485
1.389154
0.890975
1.025100
0.728108
1.073002
1.235868
0.325733
-0.584403
-1.015519
-1.092162
-0.277831
-0.258670
-0.862233
0.201188
0.833492
0.756849
1.082582
1.734047
2.031039
2.299289
2.912433
3.314808
2.778308
1.666985
1.628663
1.619083
1.245448
1.312511
1.350832
0.996359
0.833492
0.871814
0.651465
0.670626
0.680206
0.680206
1.666985
2.490896
3.247746
2.989076
1.274189
1.820271
2.328030
1.331672
1.724467
1.532859
-0.268250
-1.360413
0.095804
1.025100
0.105384
0.411956
-0.057482
-1.628663
-2.366352
-1.475377
0.411956
1.532859
1.820271
2.078940
2.193905
1.389154
0.641885
1.034680
0.852653
-0.095804
-0.421536
-0.325733
0.210768
0.948457
0.565242
0.009580
0.488599
0.718528
0.450277
0.574822
1.868172
2.462155
1.389154
0.651465
1.772369
2.299289
0.948457
0.067063
-0.220349
-0.229929
0.134125
0.546081
0.373634
0.172447
0.440697
0.699367
0.565242
0.632304
0.785590
0.613144
1.140064
1.389154
1.877753
2.347191
2.318450
3.286067
2.395093
1.484957
1.916074
1.140064
0.277831
0.000000
0.737689
0.708947
-0.287411
0.354474
0.153286
-1.159225
-1.772369
-1.331672
0.354474
1.887333
2.347191
1.705306
2.021458
2.050199
1.197546
2.031039
2.174744
0.153286
-0.919716
-0.555661
-0.507760
-0.364054
0.191607
-0.277831
-0.996359
-0.958037
-1.187966
-0.440697
1.513699
2.548379
2.050199
1.322091
2.452575
2.864531
1.705306
0.910135
1.034680
1.341252
1.111323
1.130484
1.140064
1.025100
1.092162
1.245448
0.948457
0.689787
0.689787
0.565242
1.609502
1.973556
2.021458
1.925655
1.762788
3.151942
2.692084
1.379573
1.743628
2.040619
1.686145
2.136423
2.347191
1.705306
0.546081
-0.613144
-1.638243
-1.015519
0.258670
-0.124545
0.182027
0.076643
-1.561600
-2.088521
-0.862233
-0.402376
-0.565242
0.708947
0.938876
0.191607
0.335313
0.277831
-0.124545
-0.795171
-0.498179
0.373634
0.421536
0.929296
1.044260
-0.009580
0.239509
1.207127
1.178386
1.159225
2.136423
2.222646
1.159225
0.411956
0.929296
1.532859
1.197546
1.044260
0.852653
0.766430
0.843073
0.756849
0.603563
0.641885
0.785590
0.977198
1.801110
2.557959
3.161522
3.439353
2.586700
2.059780
1.944815
1.523279
0.958037
1.053841
1.101743
0.641885
-0.076643
-1.015519
-1.580761
-0.871814
0.574822
0.507760
-0.009580
0.114964
0.421536
0.316152
1.245448
1.801110
1.456216
1.781949
2.174744
2.481316
1.398734
-0.335313
-1.025100
-0.852653
0.086223
1.140064
1.389154
0.641885
-0.689787
0.411956
1.417895
0.776010
1.101743
2.347191
2.567539
0.833492
0.258670
0.488599
-0.632304
-0.910135
-0.182027
0.402376
0.795171
0.862233
1.140064
1.140064
0.776010
0.488599
0.344893
0.402376
0.680206
0.929296
1.657404
1.992717
1.906494
1.628663
0.756849
1.580761
2.701665
1.743628
1.791529
1.944815
0.038321
-0.718528
-0.344893
-0.287411
-0.507760
0.862233
2.117262
1.350832
1.609502
2.098101
2.452575
1.753208
0.450277
0.574822
1.245448
0.948457
0.440697
1.427475
1.647824
0.890975
0.411956
-0.421536
-0.076643
0.938876
0.555661
0.258670
0.603563
0.402376
-0.680206
-0.076643
0.814332
0.383215
0.661046
1.408315
1.887333
1.245448
-0.277831
-0.747269
-0.603563
-1.025100
-0.728108
0.143706
0.680206
0.680206
0.680206
0.929296
0.919716
0.795171
0.737689
0.833492
1.609502
2.222646
1.647824
1.015519
-0.258670
0.239509
1.341252
1.235868
1.552020
1.456216
2.031039
1.552020
-0.134125
-0.929296
-0.814332
-0.383215
-0.182027
-0.095804
-0.296991
-0.632304
-0.670626
0.411956
1.781949
1.571181
1.341252
2.098101
2.567539
2.174744
1.868172
0.871814
-0.086223
0.565242
1.245448
1.187966
1.408315
1.025100
-0.134125
0.670626
1.044260
1.341252
1.245448
0.210768
0.948457
1.178386
-0.182027
-0.823912
-0.756849
-1.590342
-1.734047
-0.938876
-0.076643
0.574822
0.756849
0.718528
0.823912
0.996359
1.073002
1.111323
1.130484
0.900555
1.647824
2.605861
2.193905
1.140064
0.162866
0.929296
1.657404
1.877753
2.347191
2.193905
0.776010
0.603563
1.015519
-0.143706
-0.804751
-0.258670
0.852653
1.868172
1.484957
0.565242
0.756849
-0.019161
-0.134125
0.172447
-0.172447
0.162866
0.680206
0.440697
0.689787
1.427475
0.910135
0.296991
1.360413
2.356771
1.465797
0.555661
0.258670
0.239509
0.105384
1.149644
1.887333
1.120903
1.379573
2.241807
2.395093
1.235868
-0.162866
-0.201188
-0.220349
-0.967617
-0.459858
0.517340
0.852653
0.766430
0.479019
0.708947
1.187966
1.168805
0.910135
0.910135
1.647824
2.117262
2.213066
2.136423
1.609502
2.222646
2.634602
1.226287
0.814332
0.986778
-0.766430
-1.101743
0.220349
-0.153286
-1.178386
-0.555661
0.843073
1.005939
0.708947
1.187966
0.919716
0.421536
2.165164
2.854951
1.944815
2.136423
2.471736
1.638243
0.766430
0.967617
0.938876
-0.047902
0.095804
1.149644
0.900555
0.047902
0.019161
1.475377
2.280128
1.312511
0.114964
0.296991
0.996359
1.686145
2.136423
1.120903
-0.095804
-0.661046
-0.555661
-0.019161
0.479019
0.833492
0.871814
1.025100
1.082582
0.747269
0.843073
1.005939
0.958037
1.178386
2.270548
1.916074
1.379573
1.992717
1.906494
1.743628
1.178386
1.657404
1.513699
0.210768
1.073002
1.724467
0.680206
0.191607
0.335313
-0.708947
-2.299289
-0.958037
0.287411
-0.114964
0.191607
0.823912
1.484957
1.552020
1.092162
0.134125
-1.044260
-0.373634
1.168805
0.910135
0.172447
-0.172447
-0.325733
-0.776010
-0.852653
-0.651465
-0.555661
0.344893
1.140064
2.002298
2.040619
1.197546
1.657404
1.877753
0.383215
-0.316152
0.335313
-0.095804
-0.910135
-0.431117
0.411956
0.804751
0.986778
0.823912
0.507760
0.728108
0.823912
0.632304
0.785590
0.728108
1.686145
2.998656
2.864531
1.944815
0.661046
1.044260
1.839431
2.078940
1.207127
0.316152
1.494538
1.302930
-0.498179
-0.728108
0.028741
-1.341252
-2.481316
-0.919716
0.306572
0.507760
1.829851
2.816629
1.925655
1.140064
0.651465
0.182027
0.201188
0.335313
0.526920
0.488599
-0.392795
-0.680206
0.296991
0.622724
0.536501
1.350832
1.484957
0.076643
-0.210768
0.632304
0.172447
-0.411956
1.398734
2.739986
1.638243
1.005939
0.220349
-0.143706
0.047902
0.507760
1.216707
1.053841
0.977198
1.073002
1.111323
0.766430
0.479019
0.469438
0.459858
0.459858
1.312511
1.465797
1.053841
1.590342
1.350832
1.983137
2.644182
1.599922
0.871814
1.015519
1.331672
1.111323
-0.220349
-0.593983
0.086223
-1.437056
-2.031039
-0.958037
-0.699367
-0.210768
1.743628
2.902852
2.213066
2.385512
1.973556
1.034680
0.728108
0.086223
0.402376
0.431117
0.076643
0.766430
0.843073
0.392795
1.657404
2.251387
1.417895
2.375932
2.950754
1.992717
1.168805
0.546081
1.475377
2.040619
0.584403
0.507760
1.216707
1.302930
1.101743
1.494538
1.676565
1.274189
1.446636
1.168805
0.670626
0.680206
0.804751
0.737689
0.833492
0.881394
1.638243
2.481316
2.260967
2.155583
1.983137
2.031039
2.050199
2.308869
2.548379
1.676565
0.536501
0.613144
0.890975
0.162866
-1.034680
0.009580
1.475377
1.178386
1.159225
0.785590
0.364054
0.172447
1.302930
2.203485
1.398734
0.651465
0.546081
0.249090
-0.622724
-2.011878
-1.437056
-0.431117
0.038321
0.258670
-1.111323
-0.028741
1.944815
2.998656
2.874111
1.092162
1.494538
2.040619
1.322091
0.852653
-0.095804
0.191607
0.335313
-0.220349
-1.092162
-1.130484
-0.038321
0.344893
0.651465
0.546081
0.373634
0.421536
0.565242
0.632304
0.785590
0.728108
1.322091
2.203485
1.887333
2.596281
3.295648
2.519638
2.519638
2.280128
0.814332
-0.603563
0.076643
1.015519
-0.019161
-0.632304
0.555661
1.724467
0.929296
-0.795171
-0.871814
0.201188
-0.153286
-1.178386
-0.431117
0.038321
-0.354474
0.814332
1.724467
1.293350
0.728108
-0.028741
-0.143706
-0.191607
-0.584403
-0.277831
0.728108
1.197546
1.293350
2.567539
2.299289
0.210768
-0.392795
-0.067063
-0.526920
-0.249090
0.249090
-0.383215
-1.532859
-0.967617
0.890975
1.887333
1.983137
1.293350
0.728108
0.584403
0.756849
0.469438
0.095804
0.287411
0.622724
0.661046
1.408315
2.375932
1.963976
1.034680
0.114964
1.034680
1.954396
1.274189
0.843073
0.756849
1.456216
1.657404
0.526920
-0.124545
-0.306572
-0.766430
-0.728108
-0.105384
0.067063
-0.095804
0.440697
1.427475
2.260967
1.906494
1.015519
1.820271
2.193905
1.025100
0.593983
0.890975
0.661046
0.546081
0.986778
1.073002
0.986778
1.073002
0.622724
0.038321
0.019161
0.373634
1.025100
0.843073
1.005939
1.820271
1.580761
0.488599
-0.881394
-0.661046
1.159225
2.136423
1.973556
1.532859
1.082582
0.747269
0.469438
0.220349
0.344893
0.526920
0.488599
0.593983
1.628663
2.107682
1.226287
0.565242
0.632304
1.149644
1.389154
2.730406
3.362710
1.686145
1.034680
0.603563
-0.335313
-1.149644
-0.910135
0.306572
0.632304
-0.201188
-1.082582
-0.507760
0.737689
0.584403
0.517340
1.216707
1.427475
0.296991
-0.239509
0.747269
0.593983
-0.220349
-1.207127
-1.552020
-0.239509
0.498179
-0.383215
-1.044260
-0.373634
1.542440
1.944815
0.661046
-0.191607
-0.708947
-0.459858
0.028741
-0.114964
0.555661
1.360413
0.996359
0.344893
0.766430
1.216707
1.053841
1.101743
0.756849
0.593983
0.766430
1.092162
0.996359
0.584403
0.392795
1.408315
2.375932
2.452575
1.638243
1.494538
2.663343
2.347191
1.341252
1.360413
1.609502
0.383215
-0.076643
0.201188
-0.277831
-0.747269
0.134125
0.546081
-0.613144
-1.025100
0.000000
0.977198
1.187966
2.155583
2.356771
1.590342
1.350832
1.120903
0.153286
-0.546081
-0.143706
-0.067063
-0.776010
-0.249090
0.000000
0.000000
0.977198
1.676565
1.523279
1.197546
2.644182
2.950754
1.619083
1.609502
1.734047
0.804751
0.373634
0.910135
0.546081
-0.114964
0.182027
0.699367
0.938876
0.929296
0.680206
0.804751
0.862233
0.651465
0.670626
0.804751
0.737689
1.695726
2.011878
1.791529
1.944815
1.513699
2.050199
2.184325
1.628663
1.494538
1.187966
-0.067063
-0.776010
-0.364054
-0.421536
-0.938876
0.287411
0.747269
-0.143706
0.172447
1.427475
1.647824
0.402376
1.657404
2.366352
0.737689
-0.402376
-0.440697
0.766430
1.456216
1.044260
0.613144
0.038321
-1.092162
-1.619083
-0.766430
0.009580
0.124545
1.034680
0.967617
-1.025100
-1.226287
0.402376
0.555661
0.134125
1.034680
1.705306
0.795171
0.124545
0.296991
0.258670
0.239509
0.479019
0.708947
0.699367
0.938876
1.168805
0.910135
0.546081
0.622724
0.900555
2.011878
2.165164
2.117262
2.213066
1.523279
2.184325
2.490896
2.270548
2.653763
1.360413
-1.331672
-1.494538
-0.459858
-0.593983
-0.287411
0.229929
-0.268250
-0.009580
1.092162
1.734047
1.417895
-0.325733
0.459858
1.561600
0.852653
1.379573
1.992717
1.417895
0.411956
0.191607
-0.402376
-0.680206
1.149644
2.500477
1.408315
1.264609
2.184325
1.628663
1.494538
2.902852
3.563898
2.155583
1.619083
1.734047
-0.296991
-1.120903
0.086223
-0.086223
-1.149644
-1.034680
-0.239509
0.373634
0.536501
0.373634
0.296991
0.258670
0.239509
0.354474
0.411956
0.555661
1.973556
3.008236
3.362710
2.922013
1.111323
1.379573
1.619083
0.383215
0.421536
1.178386
1.523279
1.322091
0.488599
0.105384
-0.325733
-1.015519
-0.977198
-0.095804
0.440697
1.063421
2.328030
2.433414
1.868172
2.098101
1.590342
0.373634
-0.440697
-0.086223
0.440697
0.699367
0.440697
-0.536501
0.603563
1.389154
0.766430
0.354474
0.162866
0.565242
1.245448
1.312511
0.239509
-0.009580
1.590342
2.337610
1.705306
1.034680
-0.009580
-0.498179
0.134125
0.182027
0.325733
0.881394
0.900555
0.670626
0.804751
1.111323
1.255029
1.197546
1.044260
1.101743
1.734047
1.542440
1.082582
1.245448
0.948457
1.666985
1.762788
0.574822
0.756849
0.843073
-0.344893
-0.661046
0.670626
0.919716
-0.191607
0.517340
1.714886
1.532859
1.322091
1.475377
1.178386
1.283770
2.069360
2.433414
2.481316
3.123201
2.069360
-0.632304
-1.523279
-0.843073
-0.517340
-1.235868
-0.948457
0.038321
0.507760
1.216707
1.542440
0.958037
0.450277
1.561600
2.078940
1.580761
2.088521
1.954396
1.159225
1.025100
0.843073
0.392795
0.057482
-0.593983
-0.402376
0.421536
0.565242
0.756849
1.082582
0.996359
1.073002
1.484957
1.542440
1.207127
1.666985
1.877753
1.734047
1.791529
1.197546
1.666985
2.126842
1.111323
0.392795
-0.191607
0.526920
1.590342
1.350832
1.360413
1.494538
0.574822
-0.229929
0.383215
0.421536
0.316152
0.632304
0.411956
1.178386
2.510057
2.155583
1.245448
0.823912
0.134125
-0.182027
1.140064
1.140064
-0.574822
-0.766430
0.009580
-0.249090
-0.364054
0.929296
1.293350
0.479019
1.207127
2.644182
2.586700
2.059780
2.069360
1.695726
0.795171
1.226287
1.063421
0.613144
0.900555
0.546081
0.622724
0.526920
0.364054
0.785590
0.852653
0.517340
0.488599
0.833492
1.120903
2.117262
2.462155
2.251387
2.031039
0.938876
1.666985
2.002298
1.542440
1.705306
0.910135
-0.191607
-0.708947
-0.948457
-1.312511
-1.350832
-0.881394
0.076643
1.140064
0.890975
0.172447
0.814332
0.747269
0.708947
1.312511
2.078940
2.567539
1.686145
1.762788
1.801110
0.344893
-0.210768
0.019161
-1.101743
-1.877753
-0.507760
0.737689
1.082582
2.222646
3.611800
3.276487
2.883692
2.452575
1.264609
0.958037
0.814332
0.258670
-0.373634
-0.919716
-0.680206
-0.689787
-0.699367
0.162866
0.565242
0.632304
0.661046
0.555661
0.383215
0.296991
0.383215
0.661046
1.781949
2.797468
2.768727
2.146003
0.996359
1.322091
1.475377
1.053841
1.839431
2.203485
1.149644
0.536501
1.724467
1.542440
-0.143706
0.172447
1.302930
1.101743
1.005939
0.958037
1.791529
2.672924
2.471736
2.251387
2.644182
2.586700
2.059780
2.308869
1.446636
0.670626
1.044260
0.852653
-0.958037
-1.676565
-0.296991
0.708947
0.699367
0.689787
0.689787
1.302930
1.465797
0.565242
0.871814
1.015519
0.354474
0.038321
0.383215
0.296991
-0.114964
-0.057482
0.459858
0.708947
0.574822
0.632304
0.785590
1.101743
0.881394
0.526920
0.737689
0.459858
1.197546
1.781949
0.958037
0.565242
0.258670
1.341252
1.724467
0.431117
0.076643
-0.210768
0.507760
2.193905
2.251387
1.542440
1.082582
0.009580
-0.249090
0.613144
1.389154
1.379573
1.140064
0.526920
-0.986778
0.028741
2.098101
2.078940
1.829851
1.216707
0.316152
0.517340
0.364054
-0.201188
-0.958037
-1.187966
-0.440697
-0.335313
-0.402376
-0.191607
-0.220349
0.383215
1.896913
2.605861
1.705306
1.034680
1.216707
0.689787
1.053841
1.226287
0.814332
1.111323
1.255029
1.446636
1.283770
0.843073
0.756849
0.967617
0.938876
0.804751
0.498179
0.469438
1.197546
1.168805
1.274189
1.207127
0.191607
1.437056
2.634602
1.714886
1.293350
1.331672
0.124545
-0.067063
1.312511
1.101743
0.268250
0.852653
0.766430
-0.258670
0.239509
1.705306
2.270548
1.916074
2.241807
2.270548
1.542440
1.695726
0.785590
-1.350832
-2.481316
-1.408315
-0.421536
-0.201188
0.881394
0.651465
0.057482
0.517340
1.590342
1.839431
1.590342
2.711245
2.854951
1.580761
1.226287
0.574822
0.996359
2.423834
2.232226
1.647824
1.504118
1.187966
0.919716
1.159225
1.034680
0.728108
0.823912
0.996359
0.833492
0.632304
0.910135
0.910135
1.657404
2.117262
1.475377
1.302930
0.728108
1.437056
2.510057
2.270548
1.302930
0.977198
1.561600
1.216707
0.076643
0.028741
0.373634
-0.565242
-1.494538
-1.197546
-0.440697
-0.210768
0.881394
0.890975
0.785590
1.216707
0.814332
0.258670
-0.009580
1.465797
2.031039
0.699367
0.325733
0.268250
0.613144
1.389154
1.015519
0.469438
0.584403
1.255029
0.708947
0.814332
1.724467
1.781949
1.935235
1.762788
0.938876
0.191607
0.823912
0.507760
-0.507760
-0.364054
0.067063
0.517340
0.977198
1.073002
0.862233
0.766430
0.967617
1.063421
0.622724
0.526920
1.226287
1.552020
0.967617
0.076643
-1.197546
-0.067063
1.197546
0.555661
0.747269
1.571181
1.714886
0.795171
0.124545
-0.067063
-0.526920
-0.737689
-0.229929
0.871814
1.015519
0.105384
1.887333
3.947113
3.065719
2.414253
2.471736
1.025100
-0.258670
0.364054
0.287411
-0.239509
-0.239509
0.134125
0.795171
0.364054
-0.201188
-0.718528
-0.344893
-0.038321
-0.881394
-0.047902
0.708947
0.325733
1.743628
2.529218
1.666985
0.411956
-0.919716
-0.680206
-0.325733
-0.651465
-0.067063
0.584403
0.517340
0.603563
0.766430
0.728108
0.584403
0.517340
0.364054
0.411956
1.781949
2.797468
3.027397
2.519638
1.666985
2.615441
3.429773
1.849012
0.977198
1.063421
-0.114964
-0.546081
0.718528
1.063421
0.124545
0.919716
1.657404
0.766430
0.967617
2.165164
2.232226
1.408315
2.251387
3.017817
1.647824
0.766430
0.354474
-0.574822
-0.277831
0.479019
0.095804
-0.201188
0.756849
0.833492
0.019161
-0.114964
-0.057482
0.210768
0.958037
2.289709
1.925655
1.264609
2.308869
2.059780
-0.143706
-0.565242
0.229929
-0.268250
-1.111323
-0.766430
0.249090
0.728108
0.823912
0.996359
1.197546
1.168805
1.034680
0.852653
0.641885
0.546081
0.862233
1.015519
0.718528
0.086223
-0.450277
0.890975
2.002298
1.427475
2.136423
1.484957
-1.025100
-1.101743
0.095804
0.402376
-0.546081
-0.632304
0.067063
-0.584403
-0.402376
0.785590
0.977198
1.063421
1.849012
1.963976
1.408315
1.513699
1.073002
0.009580
0.737689
1.935235
1.389154
0.766430
0.354474
-0.574822
-0.028741
0.967617
0.689787
0.938876
0.555661
-0.967617
-1.197546
0.047902
0.756849
0.479019
1.197546
2.395093
2.098101
1.216707
0.814332
0.498179
0.354474
0.287411
0.373634
0.546081
0.737689
1.082582
0.871814
0.526920
0.852653
1.130484
1.628663
1.868172
1.111323
0.517340
0.728108
1.322091
1.226287
0.938876
0.555661
-0.354474
-0.296991
1.207127
1.666985
0.651465
-0.191607
0.028741
0.258670
-0.134125
0.296991
0.747269
1.082582
1.484957
2.404673
2.471736
0.785590
0.852653
1.494538
-0.038321
-0.143706
0.910135
0.421536
0.076643
1.255029
1.197546
-0.182027
-1.197546
-0.316152
1.446636
1.532859
3.046558
3.755505
2.241807
2.644182
2.701665
0.890975
-0.201188
0.268250
0.364054
-0.325733
-0.402376
-0.076643
0.574822
0.756849
0.593983
0.402376
0.431117
0.440697
0.450277
0.574822
0.756849
1.820271
1.954396
1.762788
2.289709
1.561600
1.580761
1.724467
1.417895
1.887333
1.494538
0.814332
0.373634
-0.201188
-0.584403
-0.776010
-0.613144
0.076643
0.526920
0.000000
-0.373634
1.044260
2.078940
1.580761
1.226287
0.574822
0.143706
-0.182027
0.402376
0.795171
0.124545
0.047902
1.005939
1.935235
1.025100
-0.747269
-0.479019
0.881394
0.900555
0.661046
1.781949
1.686145
0.421536
1.302930
2.203485
1.887333
1.484957
0.325733
0.392795
0.785590
0.488599
0.958037
1.063421
0.986778
0.699367
0.450277
0.574822
0.756849
0.593983
0.641885
0.910135
2.021458
2.663343
3.333969
3.276487
2.385512
2.586700
2.059780
1.082582
1.724467
1.906494
-0.344893
-0.536501
0.728108
0.823912
0.507760
0.479019
0.095804
-0.574822
-0.277831
0.114964
0.661046
0.919716
1.906494
2.241807
1.044260
0.239509
-0.507760
0.498179
1.456216
1.168805
1.159225
0.785590
-0.009580
-1.235868
-0.823912
0.469438
0.459858
0.459858
0.335313
-0.335313
-0.526920
0.852653
1.868172
1.973556
2.270548
1.552020
1.580761
1.599922
0.622724
0.776010
1.216707
1.302930
0.977198
0.574822
0.632304
0.910135
1.034680
0.967617
0.823912
0.871814
1.753208
2.050199
2.184325
1.877753
0.747269
1.207127
1.053841
1.101743
1.494538
1.312511
1.465797
0.929296
0.431117
-0.047902
-1.130484
0.201188
2.174744
1.264609
0.584403
1.369993
1.494538
1.561600
2.318450
2.423834
3.094460
2.308869
0.823912
1.484957
2.040619
1.322091
0.488599
-0.019161
-0.871814
-1.274189
-0.593983
-0.162866
0.038321
0.383215
1.159225
2.011878
1.916074
1.877753
1.484957
0.938876
1.542440
2.433414
2.481316
1.772369
0.335313
-0.210768
0.143706
0.306572
0.632304
0.785590
0.852653
1.005939
1.082582
0.996359
0.459858
0.335313
1.504118
2.050199
2.184325
1.628663
0.268250
0.977198
1.810690
0.718528
-0.038321
0.105384
0.785590
1.954396
1.762788
0.574822
0.143706
0.191607
-0.162866
0.536501
0.737689
-0.153286
0.661046
0.421536
-1.283770
-1.216707
0.402376
0.795171
0.249090
0.728108
1.686145
1.647824
1.140064
0.651465
-0.431117
-1.925655
-1.398734
-0.162866
-0.699367
0.402376
1.044260
0.239509
0.603563
1.628663
2.107682
2.088521
1.705306
1.044260
1.714886
1.293350
0.114964
0.536501
0.986778
1.073002
0.986778
0.948457
0.814332
0.747269
0.958037
1.063421
1.226287
1.302930
2.203485
2.251387
2.155583
2.720825
2.126842
2.088521
1.829851
0.852653
0.517340
0.239509
0.843073
1.619083
0.996359
0.708947
0.814332
-0.603563
-2.126842
-1.245448
-0.095804
0.440697
0.814332
0.373634
0.661046
1.781949
2.050199
1.571181
1.101743
0.143706
-1.283770
-0.364054
0.814332
-0.364054
0.067063
0.153286
-2.021458
-2.174744
-1.149644
-0.421536
-0.076643
0.325733
0.766430
1.829851
1.714886
0.795171
1.839431
1.963976
0.785590
0.737689
1.322091
0.737689
0.459858
0.823912
1.120903
1.379573
1.255029
0.948457
0.689787
0.565242
0.747269
0.958037
2.040619
2.672924
2.845370
2.433414
1.130484
2.002298
3.017817
2.510057
2.270548
1.801110
0.220349
-0.143706
0.910135
0.785590
-0.249090
1.475377
2.280128
0.325733
-0.220349
0.258670
1.465797
1.293350
0.354474
1.274189
2.308869
1.810690
1.092162
0.507760
-0.871814
-0.651465
0.057482
-0.220349
0.134125
-0.431117
-1.925655
-2.136423
-0.756849
0.383215
0.546081
1.360413
1.858592
1.360413
1.120903
1.753208
2.165164
2.356771
1.839431
0.488599
0.220349
0.229929
0.593983
1.005939
0.958037
0.814332
0.996359
1.197546
0.929296
0.680206
0.929296
0.919716
1.781949
2.299289
1.561600
1.216707
1.791529
3.420192
3.065719
1.178386
0.795171
0.613144
1.264609
2.557959
2.174744
1.255029
0.948457
-0.047902
-0.392795
0.795171
0.977198
0.574822
0.632304
0.536501
0.373634
1.523279
2.548379
2.289709
1.437056
1.159225
0.900555
0.536501
0.000000
-0.373634
-0.057482
-0.028741
0.593983
0.153286
-0.670626
0.047902
-0.354474
0.201188
2.299289
2.299289
1.437056
1.647824
1.379573
0.766430
1.954396
2.260967
1.178386
1.034680
1.216707
0.689787
0.316152
0.632304
0.661046
0.555661
0.622724
0.661046
0.795171
0.977198
1.925655
2.126842
2.098101
1.839431
0.488599
1.571181
1.963976
0.910135
1.772369
1.686145
0.296991
0.871814
2.126842
1.599922
0.009580
-0.249090
-0.124545
-0.431117
-0.086223
0.201188
0.948457
1.178386
2.146003
1.983137
0.680206
0.316152
-1.082582
-1.369993
0.459858
1.322091
0.737689
-0.392795
-1.168805
-1.168805
-0.546081
-0.258670
-0.124545
0.546081
0.622724
1.762788
2.414253
1.005939
1.571181
2.078940
0.479019
-0.517340
0.114964
0.536501
-0.124545
-0.555661
-0.392795
0.421536
0.689787
0.565242
0.632304
0.900555
0.910135
0.795171
0.986778
0.948457
1.417895
1.149644
0.776010
1.216707
1.666985
2.251387
1.781949
1.322091
1.714886
1.657404
0.651465
0.546081
1.111323
0.756849
-0.756849
-0.229929
0.134125
-1.293350
-0.977198
0.641885
1.274189
1.705306
3.123201
3.056138
1.916074
1.992717
1.542440
0.105384
0.162866
1.178386
1.283770
0.718528
0.335313
-0.220349
-0.469438
-1.207127
-0.938876
-0.076643
0.325733
1.619083
1.983137
1.168805
1.274189
1.331672
-0.114964
-0.306572
0.708947
0.823912
0.134125
0.182027
0.938876
1.178386
1.034680
0.852653
0.766430
0.603563
0.766430
0.728108
0.584403
0.641885
1.274189
1.695726
2.385512
2.835790
2.299289
2.912433
2.586700
1.571181
1.954396
2.011878
0.440697
-0.661046
-0.565242
-0.268250
0.603563
1.264609
0.459858
0.584403
1.245448
0.823912
1.120903
0.517340
0.603563
2.366352
2.088521
1.829851
2.318450
0.958037
-0.785590
-0.249090
0.862233
0.641885
0.296991
-0.354474
-1.274189
0.134125
1.781949
1.437056
0.670626
0.191607
0.210768
1.207127
1.666985
1.389154
1.504118
0.450277
-1.140064
-1.398734
-0.411956
0.172447
0.440697
0.814332
1.111323
1.005939
0.833492
1.005939
1.207127
1.178386
1.034680
1.216707
2.040619
1.561600
1.590342
2.577120
2.423834
3.343549
3.027397
0.670626
-0.546081
-0.383215
0.182027
1.187966
1.044260
0.728108
1.073002
0.622724
-0.086223
0.201188
0.335313
0.402376
1.408315
1.025100
0.105384
0.661046
1.657404
1.379573
0.890975
1.638243
1.255029
-0.402376
-0.555661
0.833492
0.756849
-0.019161
1.341252
2.337610
2.069360
1.944815
1.398734
1.628663
2.720825
2.251387
1.168805
1.896913
2.605861
2.318450
2.672924
1.983137
0.804751
0.498179
0.479019
0.708947
0.823912
0.747269
0.593983
0.641885
0.785590
0.737689
0.958037
1.063421
1.475377
1.916074
2.241807
2.270548
1.666985
2.739986
2.998656
1.523279
1.322091
1.475377
0.316152
-0.593983
0.086223
0.277831
-0.488599
-0.239509
-0.114964
-0.546081
-0.143706
0.910135
1.647824
1.628663
2.720825
2.864531
1.954396
1.887333
1.245448
0.335313
0.766430
1.456216
0.919716
0.182027
0.450277
0.574822
-0.105384
-0.057482
0.335313
0.526920
0.852653
1.868172
2.098101
0.728108
-0.028741
-0.143706
0.910135
2.634602
2.337610
1.207127
0.565242
0.258670
0.239509
0.479019
0.584403
0.517340
0.728108
0.948457
0.929296
0.804751
0.862233
1.015519
2.193905
2.739986
2.749567
2.510057
1.657404
2.490896
3.123201
2.557959
2.174744
1.628663
1.494538
2.787888
2.778308
1.044260
-0.124545
-0.804751
-1.120903
-0.162866
-0.076643
-1.274189
-0.718528
0.153286
0.680206
1.053841
0.737689
0.344893
0.526920
1.714886
3.132781
3.305228
1.906494
1.005939
0.718528
0.823912
1.235868
0.450277
-0.038321
-0.268250
-1.475377
-0.450277
2.241807
2.634602
1.963976
2.385512
2.222646
1.647824
2.481316
2.385512
1.235868
0.823912
0.871814
0.526920
0.364054
0.661046
0.306572
0.258670
0.613144
0.402376
0.555661
0.986778
1.686145
1.887333
2.107682
1.839431
0.488599
1.331672
1.963976
1.159225
1.149644
0.785590
-0.996359
-1.571181
0.114964
0.536501
-0.124545
0.546081
0.134125
-0.680206
-0.565242
-0.392795
0.057482
0.632304
1.762788
1.801110
0.967617
0.689787
0.316152
1.494538
2.902852
1.963976
1.034680
1.341252
1.111323
0.881394
1.638243
1.369993
0.268250
0.124545
0.172447
0.938876
2.644182
2.826210
2.423834
2.481316
1.762788
0.574822
0.996359
1.446636
0.306572
0.019161
0.613144
0.900555
0.661046
0.555661
0.871814
0.776010
0.852653
0.890975
0.785590
0.603563
1.264609
2.059780
2.433414
1.877753
0.996359
2.184325
2.366352
1.101743
0.507760
0.239509
-0.258670
-0.737689
-0.354474
-0.172447
-0.086223
1.801110
1.580761
0.114964
0.296991
0.996359
1.935235
2.002298
1.427475
0.785590
1.350832
1.734047
1.417895
2.011878
1.666985
-0.210768
-1.082582
-0.019161
0.718528
0.210768
0.459858
0.823912
0.383215
0.047902
-0.354474
1.427475
3.487255
2.730406
1.638243
2.481316
3.123201
2.557959
2.787888
2.280128
1.801110
1.331672
0.737689
0.958037
0.814332
0.622724
0.661046
0.670626
0.555661
0.747269
1.082582
0.996359
2.184325
2.366352
1.714886
1.293350
0.479019
0.833492
0.881394
0.900555
1.149644
1.025100
1.341252
1.849012
1.475377
0.929296
1.044260
0.239509
-1.484957
-0.948457
0.287411
0.258670
0.977198
1.187966
-0.182027
-0.459858
1.255029
1.810690
0.593983
1.140064
2.241807
1.781949
1.073002
0.986778
0.948457
0.689787
0.689787
0.316152
-0.593983
-1.389154
-0.776010
0.488599
1.944815
2.260967
1.542440
2.433414
2.490896
1.647824
2.117262
1.963976
0.421536
0.067063
0.766430
0.967617
0.689787
0.201188
0.335313
0.766430
0.843073
0.756849
0.967617
1.187966
2.021458
2.414253
2.596281
2.567539
1.925655
2.989076
2.989076
1.389154
0.277831
-0.488599
0.632304
2.500477
2.270548
1.302930
0.603563
0.153286
-0.047902
0.459858
0.459858
-0.162866
0.047902
-0.593983
0.210768
2.308869
2.184325
1.140064
1.025100
0.718528
0.210768
1.207127
1.666985
0.287411
-0.488599
-0.603563
-0.411956
0.536501
1.111323
1.005939
0.469438
-0.153286
-0.201188
1.130484
1.877753
1.360413
2.107682
1.226287
-1.149644
-1.647824
-0.776010
-0.124545
-0.067063
0.335313
0.641885
0.670626
0.555661
0.622724
0.785590
0.977198
1.187966
1.168805
1.523279
1.935235
1.887333
1.369993
0.632304
0.910135
1.283770
1.207127
1.053841
0.862233
2.241807
2.644182
0.613144
-0.574822
-0.641885
-0.680206
-0.814332
-0.143706
0.910135
0.919716
0.546081
0.747269
2.308869
2.308869
1.446636
2.021458
1.676565
0.910135
0.785590
0.114964
-0.565242
-1.255029
-0.718528
0.517340
0.488599
0.718528
1.187966
2.021458
1.925655
1.140064
0.900555
1.398734
1.140064
0.162866
-0.296991
-1.245448
-2.308869
-1.944815
-0.172447
0.900555
0.910135
0.910135
0.919716
0.795171
0.862233
1.015519
0.958037
0.938876
0.929296
0.919716
2.146003
2.845370
2.797468
2.414253
1.245448
1.686145
2.510057
2.759147
2.883692
1.954396
0.536501
-0.488599
-0.479019
-0.229929
-0.239509
0.996359
1.935235
0.900555
-0.316152
-0.402376
-0.680206
-1.427475
-0.182027
1.504118
1.676565
1.887333
1.245448
0.086223
0.162866
1.053841
0.852653
0.153286
0.804751
1.599922
1.111323
1.005939
1.322091
0.373634
-0.325733
0.574822
1.734047
1.417895
1.513699
1.561600
-0.383215
-1.044260
0.239509
0.728108
1.073002
1.360413
1.120903
1.140064
0.900555
0.661046
0.555661
0.622724
1.025100
0.967617
0.325733
0.268250
1.350832
2.098101
2.577120
2.548379
2.165164
2.979495
2.490896
1.034680
0.479019
0.220349
1.082582
1.484957
1.063421
0.862233
1.140064
1.264609
0.708947
1.437056
2.385512
1.849012
1.973556
1.772369
0.210768
0.095804
1.389154
1.264609
0.344893
1.389154
3.343549
3.276487
1.772369
0.459858
0.335313
0.277831
-0.613144
-0.536501
-0.498179
-0.114964
0.431117
0.689787
0.814332
0.996359
1.561600
1.954396
2.874111
2.931593
1.734047
0.938876
0.316152
0.019161
0.373634
0.785590
1.101743
1.120903
0.890975
0.900555
0.910135
0.795171
0.613144
0.651465
2.146003
2.596281
2.318450
2.797468
2.289709
2.787888
3.017817
2.385512
1.849012
1.226287
2.165164
1.743628
-0.172447
-0.574822
-0.766430
-2.088521
-2.577120
-0.843073
-0.153286
-0.201188
1.255029
2.299289
2.663343
3.084879
2.663343
1.360413
0.383215
0.910135
1.283770
0.229929
-0.881394
-0.910135
0.555661
0.747269
-0.153286
-0.689787
-1.063421
0.728108
1.686145
1.149644
1.274189
1.082582
1.111323
0.641885
0.785590
-0.124545
-1.657404
-1.025100
0.009580
0.737689
0.958037
1.178386
1.159225
0.785590
0.737689
0.958037
0.929296
0.919716
1.168805
1.034680
1.705306
2.146003
2.232226
2.021458
1.312511
2.088521
2.078940
1.456216
0.804751
-0.239509
-1.226287
-1.312511
-0.498179
-0.603563
-0.411956
1.274189
1.207127
-0.421536
-0.565242
-0.143706
0.172447
0.689787
2.040619
2.672924
2.222646
1.647824
0.277831
0.622724
1.887333
1.369993
0.881394
0.900555
0.421536
-0.910135
-0.555661
0.593983
0.402376
0.555661
1.235868
1.437056
1.283770
1.580761
0.737689
0.335313
1.753208
2.289709
2.050199
1.935235
1.513699
0.948457
0.814332
0.986778
0.948457
0.814332
0.862233
0.766430
0.354474
0.162866
0.440697
0.574822
1.619083
2.471736
2.251387
2.031039
1.686145
2.375932
2.213066
1.149644
1.638243
1.130484
-0.823912
-1.743628
-0.325733
0.210768
-0.641885
0.680206
1.906494
1.255029
0.584403
0.517340
0.977198
1.312511
1.839431
2.701665
2.241807
2.395093
1.973556
-0.431117
-1.801110
-0.354474
0.689787
-0.536501
-0.622724
0.440697
0.565242
0.134125
0.431117
0.814332
0.009580
0.364054
1.149644
1.389154
2.117262
2.337610
1.331672
0.373634
-0.076643
-0.651465
-0.555661
-0.517340
-0.373634
-0.057482
0.220349
0.469438
0.459858
0.335313
0.526920
0.613144
0.776010
0.728108
1.810690
2.442995
2.615441
2.692084
1.504118
2.050199
2.184325
1.877753
1.734047
1.417895
1.398734
1.264609
0.958037
0.440697
-0.411956
-0.565242
0.469438
0.708947
0.450277
0.699367
1.427475
0.785590
0.239509
0.603563
1.140064
2.002298
1.417895
1.647824
2.117262
0.986778
0.335313
-0.210768
-0.843073
-1.255029
-0.229929
0.507760
-0.009580
1.590342
3.190264
2.596281
1.456216
0.919716
1.168805
1.398734
1.015519
0.469438
0.095804
-0.574822
-0.153286
0.910135
0.785590
0.613144
0.900555
1.274189
1.207127
1.053841
0.852653
0.517340
0.613144
0.776010
1.590342
2.213066
2.510057
2.644182
1.350832
1.369993
1.619083
1.734047
1.791529
1.820271
2.318450
1.446636
0.546081
0.258670
-0.622724
-1.025100
0.373634
1.025100
0.603563
0.402376
1.532859
2.922013
2.462155
1.638243
1.369993
1.255029
0.823912
0.383215
-0.191607
-0.958037
-1.676565
-1.034680
1.226287
1.312511
-0.249090
0.124545
0.661046
0.182027
0.201188
0.948457
1.178386
1.283770
2.193905
1.877753
0.871814
0.526920
0.488599
0.344893
0.526920
0.239509
-0.258670
0.364054
0.900555
0.910135
0.910135
0.546081
0.124545
0.306572
0.632304
0.900555
1.647824
2.241807
2.759147
2.519638
0.929296
1.293350
2.318450
1.446636
1.408315
1.877753
0.507760
-0.143706
0.172447
-0.172447
-1.063421
-0.871814
0.076643
0.028741
-0.852653
-1.264609
-0.105384
0.565242
0.258670
-0.124545
0.546081
0.986778
0.459858
0.699367
1.187966
1.168805
0.421536
-0.296991
-0.756849
-0.488599
-0.354474
-0.536501
0.229929
0.843073
0.756849
2.318450
3.046558
2.280128
1.916074
2.002298
2.529218
2.155583
0.143706
-1.657404
-0.411956
0.536501
0.249090
0.479019
0.593983
0.517340
0.603563
0.766430
0.852653
0.766430
0.843073
0.881394
1.274189
1.331672
1.226287
1.552020
1.705306
3.008236
2.998656
1.762788
1.676565
1.274189
1.820271
3.305228
2.155583
0.632304
-0.076643
-0.776010
-1.599922
-1.245448
-0.095804
-0.172447
0.162866
1.791529
3.286067
2.146003
0.996359
0.958037
-0.172447
-0.574822
1.073002
1.973556
1.657404
0.526920
-0.622724
-1.274189
-0.603563
0.574822
0.268250
0.239509
-0.134125
-0.680206
-0.086223
1.427475
2.136423
1.973556
2.883692
2.452575
0.890975
-0.325733
-0.651465
-0.067063
0.459858
0.699367
0.574822
0.632304
0.536501
0.737689
0.833492
0.507760
0.479019
0.833492
1.619083
1.858592
2.088521
1.954396
1.772369
3.036978
2.644182
1.724467
1.044260
-0.134125
-1.168805
-2.021458
-0.584403
0.335313
-0.584403
0.584403
2.107682
1.475377
0.929296
0.795171
0.498179
0.718528
1.561600
2.442995
2.730406
2.375932
1.599922
0.622724
0.776010
0.977198
0.325733
0.028741
0.373634
0.661046
0.680206
0.431117
0.076643
0.526920
0.737689
0.833492
1.245448
1.312511
0.488599
-0.756849
0.009580
1.475377
1.293350
0.728108
0.708947
0.699367
0.450277
0.450277
0.699367
0.814332
0.871814
1.140064
1.264609
1.082582
0.747269
0.718528
1.925655
3.104040
3.784246
3.113621
1.446636
2.270548
2.778308
1.168805
0.057482
-0.593983
0.335313
1.868172
1.235868
0.335313
0.890975
1.762788
1.561600
1.341252
1.599922
0.871814
0.277831
0.737689
2.308869
2.308869
1.073002
0.134125
0.546081
1.849012
1.475377
1.053841
0.862233
0.517340
-0.124545
-1.168805
-0.795171
1.829851
2.203485
1.398734
1.389154
0.526920
0.977198
2.902852
2.462155
0.900555
1.159225
1.149644
1.398734
2.126842
1.724467
0.680206
0.440697
0.689787
0.938876
0.929296
0.555661
0.622724
1.025100
0.967617
0.689787
0.565242
1.494538
2.040619
1.437056
1.408315
1.753208
2.165164
1.868172
2.222646
1.647824
0.402376
1.283770
1.331672
-0.364054
-1.149644
-0.057482
0.220349
-0.028741
0.967617
1.552020
0.967617
0.689787
0.440697
0.086223
1.140064
2.490896
2.146003
0.747269
0.220349
-0.756849
-0.354474
0.191607
-0.766430
-0.364054
-0.296991
-1.992717
-2.653763
-1.858592
-0.996359
-0.469438
1.130484
2.241807
1.293350
0.728108
1.571181
2.203485
1.887333
1.858592
1.360413
0.756849
0.229929
-0.019161
0.354474
0.900555
1.034680
0.967617
1.063421
0.862233
0.651465
0.795171
0.737689
0.958037
1.053841
0.862233
1.140064
1.628663
1.983137
1.542440
0.958037
0.450277
-0.038321
0.584403
1.619083
1.609502
1.245448
0.699367
-0.162866
-0.699367
0.402376
1.532859
0.958037
1.427475
1.408315
1.025100
2.193905
2.500477
2.146003
1.369993
-0.593983
-1.762788
-0.210768
1.005939
0.220349
0.344893
-0.210768
-2.308869
-2.433414
-1.140064
-0.411956
-0.440697
0.890975
2.011878
1.666985
1.025100
1.580761
2.337610
1.456216
1.781949
1.686145
0.172447
-0.661046
-0.440697
-0.086223
0.450277
0.699367
0.814332
0.996359
0.833492
0.756849
0.718528
0.823912
1.609502
2.098101
1.465797
0.804751
0.249090
0.603563
0.890975
0.411956
0.316152
0.268250
0.249090
0.967617
1.925655
1.264609
0.344893
0.402376
0.067063
0.143706
0.431117
0.565242
1.734047
1.916074
0.153286
-0.919716
0.296991
0.498179
0.105384
1.398734
1.379573
-0.095804
-0.910135
-0.431117
-0.086223
-0.287411
-1.005939
-0.967617
0.766430
1.580761
0.613144
1.264609
2.433414
1.868172
1.235868
1.312511
1.465797
0.804751
1.235868
1.427475
0.670626
0.555661
0.622724
0.785590
0.852653
0.766430
0.843073
1.005939
1.207127
1.178386
0.795171
0.737689
1.935235
2.126842
1.599922
1.973556
1.408315
1.877753
2.098101
1.101743
1.005939
0.584403
1.005939
1.820271
1.092162
0.134125
-0.306572
-1.619083
-2.969915
-1.887333
-1.130484
-1.149644
-0.047902
0.095804
-0.938876
-0.938876
0.536501
0.862233
-0.335313
0.201188
1.073002
0.249090
-0.373634
0.067063
0.268250
0.000000
-0.373634
-0.546081
0.479019
1.197546
0.929296
1.408315
1.762788
1.437056
1.283770
1.829851
2.078940
0.967617
-0.038321
0.095804
0.536501
0.124545
0.172447
0.689787
0.689787
0.565242
0.871814
1.140064
1.025100
0.967617
1.187966
1.283770
1.820271
1.456216
0.680206
0.929296
1.657404
1.264609
0.584403
1.619083
2.596281
2.682504
2.471736
1.398734
1.264609
1.446636
0.555661
1.235868
0.699367
-0.536501
0.354474
1.140064
1.025100
0.593983
0.641885
1.647824
2.605861
2.193905
2.126842
2.098101
1.341252
2.098101
2.203485
1.762788
1.187966
0.680206
0.804751
-0.114964
-0.670626
0.785590
1.954396
1.408315
1.513699
1.561600
1.216707
1.063421
0.986778
1.810690
1.580761
1.475377
2.653763
2.462155
1.398734
1.015519
0.718528
0.459858
0.574822
0.507760
0.364054
0.411956
0.680206
0.929296
1.657404
1.628663
1.120903
1.140064
1.264609
1.197546
0.555661
0.986778
1.322091
1.226287
1.302930
0.728108
1.686145
2.136423
0.622724
-0.086223
-0.536501
-1.360413
-1.005939
-0.479019
-0.354474
-0.172447
-0.450277
-0.344893
1.801110
2.807049
1.427475
0.785590
0.862233
2.117262
2.462155
1.264609
-0.028741
-0.258670
0.239509
0.354474
-0.450277
-1.561600
-1.226287
-0.823912
-0.507760
-0.737689
-1.331672
0.479019
1.820271
1.580761
2.088521
2.442995
1.753208
0.938876
0.929296
1.044260
0.977198
0.823912
0.871814
0.776010
0.354474
0.162866
0.316152
0.641885
1.523279
1.686145
1.149644
1.149644
1.274189
1.322091
0.986778
0.948457
1.178386
0.795171
0.852653
0.277831
-0.249090
-0.124545
-0.182027
1.015519
0.593983
-1.197546
-0.191607
1.628663
1.858592
0.862233
0.028741
0.996359
3.161522
3.314808
2.529218
1.916074
0.766430
1.705306
2.146003
0.507760
-0.747269
-0.728108
-0.095804
-0.421536
0.296991
1.484957
1.053841
0.737689
1.082582
0.871814
-0.086223
1.187966
2.519638
1.417895
1.149644
0.900555
1.647824
2.481316
1.647824
1.379573
1.130484
1.015519
1.082582
1.120903
1.015519
0.718528
0.574822
0.632304
1.762788
1.561600
-0.009580
0.229929
1.331672
0.986778
0.210768
1.073002
0.986778
0.699367
1.312511
0.728108
1.322091
1.350832
-0.229929
0.134125
0.182027
-1.762788
-2.797468
-1.427475
0.191607
0.823912
1.111323
1.005939
1.580761
1.475377
1.053841
1.226287
0.699367
-0.287411
-0.756849
0.383215
0.785590
-0.613144
-1.523279
-1.571181
-0.613144
0.565242
0.871814
0.287411
-0.364054
1.552020
2.442995
1.992717
1.906494
1.868172
2.222646
1.523279
-0.517340
-1.226287
-0.210768
0.268250
0.364054
0.536501
0.613144
0.776010
0.977198
0.823912
0.622724
0.661046
1.283770
1.456216
1.542440
1.331672
0.862233
1.877753
2.098101
0.977198
-0.287411
-1.369993
-0.153286
1.274189
1.207127
1.293350
1.216707
1.178386
1.283770
1.580761
1.226287
1.302930
1.954396
0.785590
0.728108
2.423834
3.094460
2.174744
1.140064
0.038321
-0.852653
-0.277831
0.229929
-0.019161
-0.134125
-0.431117
-0.335313
1.437056
1.523279
0.584403
0.268250
-0.986778
-1.197546
0.661046
1.044260
0.603563
1.264609
1.073002
0.258670
0.728108
1.312511
0.488599
-0.019161
0.229929
0.469438
0.584403
0.756849
0.718528
0.823912
0.871814
0.776010
0.603563
1.513699
1.197546
0.306572
1.484957
1.676565
0.661046
-0.191607
0.277831
0.862233
0.651465
1.034680
0.479019
0.344893
0.641885
-0.316152
-0.277831
-0.383215
-1.408315
-0.785590
0.488599
0.718528
0.086223
-0.086223
0.076643
1.628663
2.720825
1.638243
1.130484
0.776010
1.465797
2.404673
2.471736
2.375932
2.701665
1.628663
-0.344893
-0.172447
0.411956
-0.306572
-1.130484
-1.264609
0.632304
2.011878
1.666985
1.762788
2.040619
1.935235
1.762788
1.801110
1.331672
0.986778
0.948457
0.929296
0.680206
0.565242
0.507760
0.354474
0.411956
0.804751
0.613144
1.025100
1.456216
1.542440
1.820271
1.216707
0.929296
0.680206
1.293350
1.580761
0.737689
1.082582
1.235868
0.450277
-0.526920
-0.737689
0.019161
0.498179
-0.143706
-0.565242
0.593983
1.255029
0.584403
1.005939
1.446636
1.906494
1.743628
1.427475
1.762788
0.823912
0.996359
1.935235
1.877753
1.484957
1.063421
-0.124545
-0.306572
0.220349
-0.028741
-0.383215
-0.555661
0.220349
1.944815
3.611800
3.889631
3.161522
3.190264
2.720825
2.002298
2.404673
2.098101
1.350832
0.622724
0.287411
0.498179
0.718528
0.948457
0.929296
0.795171
0.737689
0.593983
1.504118
1.561600
1.216707
1.791529
2.059780
2.433414
1.868172
0.996359
0.948457
0.814332
1.360413
2.471736
2.136423
0.996359
0.086223
-0.699367
-1.801110
-1.590342
-0.498179
-0.488599
0.632304
1.398734
-0.210768
0.143706
2.031039
1.925655
1.015519
1.820271
1.705306
0.431117
-0.296991
-0.019161
0.967617
0.699367
0.325733
0.268250
0.249090
0.728108
1.197546
0.316152
0.756849
2.193905
1.389154
0.641885
1.523279
1.810690
1.331672
0.373634
-0.201188
0.392795
0.546081
0.747269
0.958037
0.689787
0.689787
0.929296
0.804751
0.613144
0.776010
0.977198
1.801110
2.069360
1.456216
1.293350
1.331672
1.724467
1.417895
0.536501
0.124545
0.057482
1.130484
2.854951
2.433414
0.890975
0.162866
0.191607
0.086223
0.651465
1.283770
0.967617
1.925655
1.513699
-0.402376
-0.680206
0.047902
0.019161
-0.239509
0.373634
0.661046
1.168805
1.034680
0.229929
0.469438
0.220349
-0.881394
-1.034680
0.249090
0.852653
0.517340
1.101743
1.369993
0.756849
0.479019
1.322091
1.963976
0.795171
-0.613144
-0.411956
0.172447
-0.296991
-0.143706
0.296991
0.622724
0.900555
0.785590
0.862233
0.890975
1.025100
0.967617
0.574822
1.858592
2.337610
1.829851
1.954396
1.149644
1.523279
1.810690
1.216707
1.791529
1.810690
0.479019
-0.153286
0.172447
0.325733
0.268250
0.373634
-0.076643
-1.025100
-1.829851
-0.862233
0.699367
1.302930
2.328030
2.318450
1.322091
1.226287
1.187966
0.057482
-0.593983
-0.162866
-0.325733
-0.766430
0.613144
1.389154
-0.210768
-1.092162
0.344893
2.002298
1.916074
0.890975
-0.076643
0.574822
1.858592
1.599922
2.347191
2.442995
0.651465
-0.316152
0.335313
1.130484
0.890975
0.910135
0.785590
0.613144
0.287411
0.249090
0.603563
0.651465
0.795171
0.737689
1.695726
1.772369
1.437056
1.896913
1.619083
2.222646
2.146003
1.245448
0.948457
0.565242
1.734047
2.893272
1.101743
-0.344893
0.565242
1.609502
1.360413
0.268250
0.124545
1.647824
1.992717
0.680206
0.929296
1.408315
0.900555
0.910135
0.795171
0.862233
0.641885
-0.316152
-0.890975
-0.172447
0.526920
-0.124545
-0.067063
0.335313
1.005939
1.571181
0.852653
0.268250
0.000000
-0.249090
-0.862233
-0.038321
1.082582
0.747269
1.331672
1.350832
1.734047
2.280128
1.312511
0.977198
0.948457
0.680206
0.689787
0.929296
1.044260
0.977198
0.938876
1.053841
1.714886
1.781949
2.308869
2.797468
1.302930
1.590342
2.213066
1.762788
1.801110
1.207127
1.542440
3.056138
2.529218
1.293350
1.092162
0.632304
-0.814332
-0.756849
0.383215
0.421536
1.053841
0.114964
-1.302930
-1.226287
-0.210768
0.383215
0.546081
1.235868
0.574822
1.245448
1.686145
0.536501
1.111323
1.130484
-0.335313
-0.038321
0.958037
1.302930
0.977198
0.574822
1.245448
2.548379
2.289709
0.948457
0.316152
0.756849
2.682504
2.730406
1.638243
1.130484
0.890975
1.025100
0.967617
0.814332
0.622724
0.661046
0.795171
0.737689
0.593983
0.392795
1.159225
1.398734
1.264609
1.322091
0.862233
1.504118
1.925655
1.140064
0.776010
0.967617
1.925655
2.002298
1.427475
1.149644
1.025100
0.843073
-0.220349
-0.354474
-0.411956
-0.076643
0.699367
0.076643
-0.210768
1.494538
3.151942
2.577120
1.322091
1.226287
1.427475
2.011878
1.916074
0.153286
-0.910135
-1.044260
-0.373634
1.542440
1.944815
1.149644
2.011878
1.791529
0.958037
2.289709
2.538798
1.925655
1.877753
0.996359
1.935235
3.238165
2.002298
0.565242
0.258670
0.613144
0.776010
0.728108
0.584403
0.517340
0.488599
0.344893
0.402376
0.680206
1.666985
1.753208
1.427475
1.408315
1.149644
1.389154
1.628663
1.858592
1.111323
0.641885
1.647824
1.504118
0.210768
-0.890975
-1.159225
0.440697
0.450277
-1.638243
-1.264609
0.383215
1.283770
0.967617
0.201188
1.073002
2.462155
2.011878
0.689787
-0.047902
-0.268250
0.977198
2.299289
1.312511
0.728108
1.073002
0.124545
0.421536
1.906494
1.379573
0.392795
-0.182027
-0.335313
1.437056
2.021458
2.050199
2.548379
2.787888
3.142362
2.078940
0.479019
-0.028741
0.354474
0.776010
1.092162
1.120903
0.890975
0.785590
0.728108
0.708947
0.814332
0.871814
1.628663
1.743628
1.916074
2.615441
1.829851
1.829851
1.590342
0.613144
-0.201188
-0.469438
1.619083
2.347191
0.229929
-0.383215
0.431117
0.565242
0.019161
0.498179
0.958037
-0.172447
0.162866
0.440697
0.689787
1.916074
1.868172
1.235868
2.174744
2.366352
1.963976
2.874111
2.078940
0.479019
1.082582
1.484957
0.325733
0.756849
1.580761
1.839431
1.350832
0.258670
0.114964
2.021458
2.778308
1.781949
2.184325
1.992717
0.316152
-0.469438
0.268250
0.613144
0.776010
1.092162
0.996359
0.833492
0.632304
0.661046
0.795171
0.613144
0.776010
1.092162
1.983137
2.155583
1.120903
1.015519
1.446636
1.781949
1.446636
1.159225
1.149644
0.536501
0.737689
2.059780
2.069360
1.331672
1.350832
0.871814
0.277831
0.249090
0.114964
0.047902
1.245448
1.686145
0.172447
0.316152
1.369993
0.756849
-0.019161
0.114964
-0.316152
0.210768
1.073002
0.009580
0.124545
0.172447
-1.274189
-0.718528
1.005939
1.695726
1.398734
0.776010
1.101743
2.845370
3.410612
2.567539
2.059780
0.469438
0.833492
2.471736
2.011878
0.938876
0.680206
0.929296
0.795171
0.737689
0.593983
0.392795
0.431117
0.440697
0.325733
0.277831
1.599922
2.098101
1.954396
2.998656
2.136423
0.134125
0.431117
1.178386
0.919716
1.408315
1.140064
0.411956
0.680206
0.316152
-0.220349
0.383215
0.047902
-0.469438
-0.095804
0.929296
1.657404
1.628663
1.494538
0.938876
0.565242
0.756849
1.456216
1.906494
1.992717
0.680206
0.431117
2.040619
1.437056
0.421536
0.191607
-0.038321
0.593983
0.392795
-0.431117
-1.073002
-1.120903
0.086223
1.015519
0.105384
0.162866
1.666985
2.002298
2.404673
2.835790
2.184325
1.140064
0.651465
0.546081
0.622724
0.776010
0.728108
0.708947
1.063421
1.226287
1.187966
1.781949
1.561600
0.852653
0.766430
0.718528
0.699367
0.201188
0.699367
0.938876
0.431117
0.450277
-0.526920
0.000000
1.101743
-0.220349
-0.105384
-0.296991
-0.517340
0.613144
-0.086223
-0.162866
0.536501
-0.364054
-0.296991
2.318450
2.184325
1.389154
1.753208
1.063421
1.963976
2.146003
0.996359
0.584403
0.766430
1.092162
0.507760
-0.747269
-0.967617
-0.459858
-0.220349
0.258670
0.728108
-0.028741
1.092162
2.471736
1.149644
0.162866
0.316152
1.494538
1.801110
1.331672
1.111323
0.756849
0.603563
0.766430
0.843073
0.881394
1.025100
1.092162
1.245448
1.801110
1.820271
1.705306
1.283770
0.718528
2.299289
2.787888
1.302930
1.216707
1.666985
2.126842
1.475377
0.316152
-0.469438
-0.469438
0.268250
0.488599
0.958037
0.814332
0.747269
-0.019161
-0.747269
1.120903
2.605861
2.069360
0.593983
0.392795
1.283770
1.456216
0.680206
-0.421536
-0.076643
0.574822
0.507760
0.977198
0.938876
1.542440
2.308869
1.197546
0.555661
0.383215
1.647824
3.468094
3.333969
2.414253
2.347191
2.692084
2.481316
1.159225
0.047902
0.383215
0.546081
0.622724
0.776010
0.852653
1.005939
0.843073
0.632304
0.910135
0.785590
1.590342
1.849012
1.590342
1.963976
1.283770
1.092162
1.245448
1.561600
2.078940
1.829851
1.954396
1.887333
1.369993
1.255029
1.073002
0.986778
-0.277831
0.479019
1.571181
0.364054
-0.450277
-0.584403
-0.517340
-0.498179
0.747269
1.695726
1.647824
1.628663
1.858592
1.360413
1.245448
1.437056
0.910135
0.795171
0.249090
-0.498179
0.249090
0.728108
0.086223
-0.086223
0.440697
1.063421
1.226287
2.050199
2.059780
1.082582
0.622724
0.287411
1.111323
1.743628
1.178386
1.044260
0.977198
0.823912
0.871814
0.776010
0.479019
0.469438
0.459858
0.584403
1.743628
2.404673
2.720825
2.500477
1.408315
1.638243
1.379573
0.268250
0.000000
0.124545
1.159225
1.772369
0.699367
-0.287411
0.229929
0.593983
0.277831
1.226287
1.916074
1.877753
2.098101
1.465797
1.293350
2.692084
3.707603
2.835790
2.059780
1.571181
1.216707
2.902852
2.826210
0.335313
0.028741
0.373634
0.661046
0.670626
0.067063
0.277831
0.986778
0.574822
0.507760
0.967617
0.201188
1.561600
2.567539
1.810690
2.069360
1.944815
1.513699
1.322091
0.862233
0.890975
0.900555
0.785590
0.862233
1.015519
1.207127
1.178386
0.795171
0.737689
1.810690
1.341252
0.009580
0.977198
2.050199
1.197546
0.555661
1.609502
2.098101
1.954396
1.887333
1.005939
1.082582
0.871814
-0.459858
-0.584403
-1.264609
-2.193905
-0.411956
1.762788
2.050199
0.833492
-0.105384
-0.421536
0.411956
1.781949
2.184325
2.605861
1.092162
-0.105384
0.929296
1.293350
0.843073
0.392795
-0.431117
-0.574822
0.958037
1.791529
0.833492
0.383215
0.296991
1.484957
2.538798
2.040619
2.672924
3.333969
2.778308
2.404673
2.835790
2.548379
1.801110
1.331672
0.747269
0.708947
0.938876
1.053841
0.977198
0.948457
0.804751
0.498179
1.580761
2.203485
2.500477
2.519638
2.155583
3.458514
3.573478
2.280128
1.187966
0.670626
1.666985
1.753208
0.450277
0.086223
0.526920
0.364054
-0.076643
-0.411956
0.172447
1.427475
1.523279
1.197546
1.657404
2.126842
2.213066
1.647824
1.130484
1.992717
1.666985
-0.325733
-0.402376
0.795171
0.737689
0.095804
-0.450277
0.517340
2.078940
1.944815
0.411956
0.191607
0.325733
1.130484
2.854951
3.046558
2.644182
2.462155
1.762788
1.187966
1.896913
2.232226
1.896913
1.619083
1.245448
0.948457
0.689787
0.440697
0.699367
0.938876
0.804751
0.862233
1.753208
2.040619
1.561600
1.216707
1.676565
2.739986
2.011878
0.938876
0.067063
-0.584403
0.823912
1.983137
1.532859
1.207127
1.542440
1.207127
0.565242
0.632304
0.047902
-0.479019
-0.105384
-0.296991
0.593983
2.117262
1.963976
1.896913
2.356771
1.954396
1.034680
1.829851
2.203485
0.287411
0.009580
-0.124545
-2.031039
-2.922013
-1.494538
0.153286
0.316152
1.005939
1.695726
1.283770
0.718528
1.935235
2.126842
0.986778
1.810690
2.193905
1.140064
0.411956
0.555661
0.622724
0.776010
0.977198
1.063421
1.226287
1.187966
1.044260
0.977198
1.063421
1.599922
1.849012
1.475377
1.417895
1.638243
1.130484
0.641885
1.034680
0.354474
-0.210768
1.005939
1.082582
0.134125
-0.067063
0.210768
-0.277831
-0.383215
0.067063
-1.082582
-0.383215
1.168805
0.785590
1.350832
1.734047
1.053841
0.364054
0.661046
1.647824
0.890975
-1.187966
-2.031039
-1.197546
-0.565242
-0.517340
-0.373634
-0.057482
0.095804
0.287411
0.871814
0.526920
-0.124545
-0.306572
0.459858
1.686145
1.638243
1.992717
1.906494
0.766430
1.456216
2.146003
1.245448
0.823912
0.996359
1.073002
0.747269
0.718528
1.063421
0.986778
0.699367
0.814332
1.849012
1.849012
1.350832
1.360413
1.130484
2.241807
2.395093
0.871814
-0.210768
-0.593983
0.574822
2.232226
1.896913
0.756849
-0.268250
-0.622724
-1.149644
-0.421536
1.274189
1.331672
1.226287
0.689787
0.814332
1.484957
0.929296
0.680206
0.804751
0.249090
-0.986778
-0.220349
1.120903
0.153286
0.316152
0.268250
-1.226287
-0.459858
1.005939
1.331672
0.862233
1.379573
1.868172
2.222646
2.759147
2.385512
2.337610
1.331672
1.484957
2.414253
1.245448
-0.277831
-0.009580
0.479019
0.220349
0.220349
0.469438
0.708947
0.699367
0.450277
0.450277
0.699367
2.165164
2.605861
1.705306
1.408315
1.762788
1.427475
0.421536
1.053841
1.350832
1.245448
1.437056
0.661046
0.795171
1.226287
0.699367
0.814332
0.134125
-0.929296
0.421536
1.417895
1.274189
1.331672
1.235868
1.676565
1.762788
0.823912
1.484957
2.414253
1.983137
2.031039
1.187966
0.680206
0.929296
0.306572
0.019161
0.488599
-0.019161
0.105384
0.910135
0.785590
0.977198
1.561600
1.092162
1.369993
2.107682
1.963976
2.260967
2.529218
1.666985
0.776010
0.728108
0.708947
0.814332
0.747269
0.833492
1.005939
0.958037
0.689787
0.565242
0.871814
2.002298
2.902852
2.826210
2.663343
2.222646
3.123201
3.669282
2.203485
1.025100
0.469438
0.958037
2.165164
1.992717
0.929296
0.555661
-0.114964
-0.421536
0.162866
-0.047902
-0.766430
-1.101743
-0.890975
1.053841
2.577120
2.059780
1.082582
1.360413
1.619083
1.494538
1.925655
1.140064
0.038321
-0.479019
-1.456216
-0.929296
0.421536
1.178386
1.772369
0.948457
-0.047902
0.708947
2.165164
1.983137
1.542440
1.331672
0.498179
1.092162
2.471736
2.136423
0.622724
0.162866
0.440697
0.574822
0.632304
0.785590
0.613144
0.038321
0.134125
0.431117
0.689787
2.165164
2.356771
0.977198
0.325733
0.028741
1.360413
1.983137
1.532859
2.059780
2.308869
2.059780
2.557959
1.801110
0.344893
0.651465
0.795171
0.977198
1.437056
0.670626
0.555661
1.111323
1.619083
2.347191
2.078940
2.318450
2.184325
1.513699
1.073002
0.498179
0.967617
1.801110
1.571181
0.977198
0.086223
-0.699367
-0.574822
-1.015519
-0.852653
0.459858
0.823912
0.507760
0.479019
0.095804
1.513699
2.912433
1.849012
1.226287
0.574822
0.632304
1.274189
1.197546
0.929296
0.680206
0.680206
0.804751
1.111323
1.130484
0.651465
0.546081
0.862233
2.241807
1.906494
0.517340
1.101743
1.245448
0.335313
-0.344893
0.325733
0.632304
0.296991
0.747269
1.082582
0.498179
-0.258670
0.000000
0.852653
0.890975
0.047902
0.019161
1.226287
1.925655
1.513699
1.686145
2.136423
1.973556
1.532859
2.069360
2.682504
1.868172
0.747269
-0.143706
0.421536
0.804751
0.249090
0.354474
0.162866
-0.296991
-0.517340
0.364054
1.762788
1.925655
1.140064
-0.210768
0.517340
1.465797
0.804751
1.235868
1.437056
1.772369
1.935235
1.389154
1.379573
1.005939
0.593983
0.641885
0.785590
0.737689
0.708947
0.699367
0.689787
1.417895
1.149644
0.162866
0.814332
1.111323
-0.095804
-0.661046
0.296991
1.120903
1.130484
0.651465
-0.191607
0.153286
0.804751
0.009580
-0.986778
-1.935235
-1.149644
1.791529
2.922013
2.098101
1.839431
1.714886
1.657404
1.877753
1.235868
1.063421
2.088521
2.442995
1.877753
0.258670
0.364054
1.149644
0.536501
0.000000
-1.111323
-0.766430
0.622724
0.411956
0.555661
1.724467
1.781949
1.686145
1.762788
1.187966
1.168805
1.398734
1.628663
1.619083
1.369993
1.130484
0.890975
0.785590
0.613144
0.776010
1.092162
1.369993
1.245448
0.574822
0.392795
1.408315
1.513699
1.810690
2.442995
2.730406
2.625022
1.839431
2.203485
2.126842
1.609502
1.609502
0.871814
0.766430
0.479019
-0.392795
0.296991
0.134125
-1.906494
-1.513699
0.766430
1.456216
0.919716
-0.067063
-0.776010
0.373634
2.011878
2.040619
2.059780
1.446636
0.182027
0.823912
1.734047
2.031039
2.050199
0.948457
0.565242
1.120903
0.641885
-0.201188
-0.469438
-0.469438
1.130484
1.877753
0.996359
0.833492
1.245448
1.561600
2.078940
1.456216
0.306572
0.383215
0.670626
0.919716
0.795171
0.249090
0.229929
0.843073
1.245448
1.073002
0.622724
1.264609
1.082582
0.373634
0.910135
1.772369
1.561600
0.479019
0.833492
0.881394
0.287411
0.249090
-0.134125
0.546081
0.862233
-0.086223
0.689787
0.316152
-1.820271
-0.862233
0.699367
0.574822
0.019161
-0.364054
0.191607
2.174744
2.854951
2.308869
2.548379
1.427475
0.421536
1.178386
1.647824
1.015519
0.469438
-0.153286
0.047902
0.871814
0.651465
0.182027
0.450277
0.699367
1.916074
2.126842
1.111323
0.881394
0.776010
1.839431
1.714886
0.306572
0.019161
0.498179
0.967617
0.938876
0.804751
0.986778
0.823912
0.632304
0.661046
0.795171
1.111323
1.992717
2.155583
1.369993
1.245448
1.437056
1.159225
0.910135
1.034680
1.341252
1.609502
0.498179
-0.019161
1.580761
1.963976
0.057482
-0.593983
-0.900555
-0.306572
1.322091
1.235868
-0.038321
-0.392795
0.919716
1.283770
0.718528
0.086223
1.140064
2.864531
2.318450
2.184325
2.126842
1.484957
1.791529
1.820271
1.580761
1.226287
-0.038321
-0.641885
-0.182027
0.038321
0.009580
0.488599
-0.019161
0.852653
2.605861
1.829851
1.092162
1.120903
1.868172
1.973556
1.283770
1.092162
0.996359
0.833492
0.756849
0.843073
0.881394
0.776010
0.977198
1.063421
1.973556
2.146003
1.484957
1.916074
2.854951
2.682504
1.255029
1.197546
1.044260
0.488599
-0.019161
-0.143706
1.034680
1.092162
0.258670
-0.124545
-0.431117
0.526920
0.728108
-0.402376
-0.440697
0.162866
0.565242
0.134125
-0.182027
0.038321
1.245448
2.299289
1.437056
-0.067063
-0.526920
0.488599
0.958037
0.325733
-0.105384
0.191607
0.450277
1.187966
1.781949
1.810690
1.944815
1.638243
2.117262
3.199844
2.845370
1.446636
0.670626
0.555661
1.858592
2.462155
1.762788
1.312511
0.737689
0.584403
0.517340
0.728108
0.948457
0.814332
0.986778
1.322091
1.839431
1.714886
1.532859
1.695726
1.523279
1.935235
1.762788
0.948457
0.929296
0.555661
0.622724
1.389154
1.140064
0.651465
0.306572
-0.229929
-0.229929
1.235868
1.187966
0.306572
0.996359
0.708947
0.814332
1.609502
2.222646
1.647824
1.015519
1.446636
0.182027
-1.025100
0.124545
1.159225
0.661046
0.182027
-0.411956
-1.178386
0.057482
1.494538
1.312511
1.216707
0.938876
2.155583
4.445292
4.406971
3.525577
3.851309
2.902852
2.088521
2.567539
2.299289
1.686145
1.274189
0.958037
0.565242
0.632304
0.900555
0.785590
0.737689
0.708947
0.699367
1.916074
1.628663
1.005939
1.935235
2.011878
1.427475
0.296991
0.498179
1.092162
1.120903
1.130484
0.402376
0.795171
1.226287
0.201188
-0.890975
-1.523279
-0.593983
0.210768
0.095804
0.162866
0.440697
1.063421
0.862233
0.028741
-0.239509
0.862233
1.379573
0.890975
0.172447
-0.661046
0.057482
0.632304
-0.201188
0.028741
0.622724
-0.938876
-1.302930
-0.124545
0.555661
0.871814
0.766430
0.967617
2.050199
2.308869
1.197546
-0.182027
-0.699367
0.890975
1.762788
1.437056
1.398734
1.140064
0.651465
0.306572
0.134125
0.555661
0.871814
0.776010
0.852653
1.868172
2.222646
1.398734
0.900555
1.398734
2.739986
2.625022
1.226287
0.814332
0.996359
1.935235
2.002298
0.440697
-0.411956
-0.440697
0.277831
0.249090
-1.111323
-2.117262
-0.871814
0.565242
0.258670
0.852653
1.379573
0.766430
0.479019
0.958037
1.427475
1.034680
-0.871814
-1.887333
-1.015519
-0.479019
-1.092162
-1.983137
-1.666985
0.201188
1.322091
0.488599
-0.507760
-0.488599
1.360413
1.245448
0.210768
0.833492
0.632304
1.274189
1.820271
0.229929
-0.383215
0.182027
0.699367
1.063421
0.862233
0.890975
1.149644
1.025100
0.843073
0.756849
0.843073
1.369993
1.743628
1.916074
1.264609
1.073002
2.586700
2.433414
0.766430
-0.019161
-0.009580
1.216707
2.165164
1.619083
0.996359
0.220349
0.095804
0.411956
-0.057482
-1.015519
-0.479019
0.996359
1.935235
1.513699
0.699367
1.676565
1.638243
0.641885
1.408315
2.375932
1.714886
0.919716
1.283770
1.341252
0.747269
0.958037
0.689787
0.076643
0.028741
-0.239509
0.622724
2.490896
2.759147
1.657404
1.389154
1.628663
1.005939
0.584403
0.028741
0.134125
0.795171
0.737689
0.958037
1.178386
1.159225
0.910135
0.910135
0.919716
0.795171
0.862233
1.015519
1.944815
2.260967
2.529218
3.142362
2.692084
2.720825
2.615441
1.954396
2.385512
2.088521
-0.134125
-1.168805
-0.306572
-0.028741
-0.507760
0.249090
-0.009580
-0.747269
-0.843073
-0.153286
0.785590
1.341252
2.347191
2.318450
1.695726
0.785590
0.239509
1.216707
2.040619
1.561600
0.852653
0.268250
-0.249090
-0.124545
0.670626
0.680206
0.067063
0.268250
0.364054
0.536501
1.963976
2.385512
1.484957
1.178386
1.532859
1.695726
2.260967
1.791529
0.833492
0.881394
0.900555
1.034680
1.216707
1.053841
0.986778
1.197546
1.044260
0.728108
0.459858
0.708947
1.552020
2.318450
2.308869
1.197546
-0.306572
0.095804
0.651465
0.182027
0.325733
0.641885
0.785590
0.613144
0.402376
-0.057482
-0.766430
0.373634
1.523279
1.322091
1.350832
0.507760
-0.258670
-0.249090
0.986778
1.925655
1.877753
2.835790
3.286067
1.408315
0.038321
0.258670
-0.498179
-1.705306
-1.168805
0.555661
1.235868
0.948457
0.689787
0.191607
-0.526920
0.977198
2.050199
1.197546
1.417895
1.398734
0.287411
-0.239509
0.498179
0.593983
-0.335313
-0.526920
-0.134125
0.306572
0.747269
0.718528
0.459858
0.459858
0.574822
0.881394
1.025100
0.967617
1.925655
2.251387
2.146003
1.983137
1.417895
2.375932
3.190264
2.960335
2.366352
1.714886
0.795171
0.488599
0.718528
0.459858
0.086223
-0.450277
-1.571181
-0.862233
0.325733
0.143706
1.417895
1.274189
-0.517340
0.000000
1.590342
1.599922
0.747269
1.082582
1.235868
1.427475
1.159225
-0.450277
-0.699367
-0.210768
0.507760
0.852653
0.028741
0.134125
-0.191607
-0.335313
1.063421
1.599922
1.235868
1.187966
0.919716
-0.191607
0.890975
1.274189
0.105384
0.287411
0.383215
0.296991
0.507760
0.967617
1.063421
0.737689
0.584403
0.641885
0.785590
0.977198
1.925655
2.989076
3.228585
2.490896
0.421536
0.929296
2.395093
1.484957
0.938876
0.804751
-0.364054
-1.034680
-0.114964
0.067063
-0.220349
0.019161
0.373634
0.910135
1.523279
1.571181
1.714886
2.021458
2.050199
2.548379
2.902852
2.701665
1.868172
1.235868
0.699367
-0.162866
-0.086223
0.325733
0.641885
0.785590
0.488599
-0.383215
-0.680206
1.274189
2.922013
2.960335
2.969915
3.468094
3.583059
3.142362
3.429773
3.314808
1.302930
-0.009580
-0.134125
-0.067063
0.450277
0.823912
0.871814
0.776010
0.852653
1.005939
0.843073
0.632304
0.785590
0.977198
1.676565
1.638243
1.494538
1.552020
0.852653
1.743628
2.289709
0.814332
0.134125
-0.306572
-0.392795
0.546081
0.747269
0.958037
1.063421
0.000000
-1.111323
-0.641885
0.804751
0.986778
0.948457
0.067063
-1.810690
-0.977198
1.379573
2.117262
1.963976
2.510057
2.404673
1.484957
1.178386
1.772369
1.810690
0.593983
0.881394
1.025100
-0.383215
0.431117
0.814332
-0.977198
-0.210768
1.369993
1.494538
1.312511
1.590342
1.350832
0.507760
-0.258670
0.000000
0.852653
0.890975
0.776010
0.613144
0.526920
0.488599
0.593983
0.641885
0.910135
1.283770
1.331672
1.973556
2.510057
3.257326
3.238165
2.002298
2.653763
3.075299
1.561600
0.479019
-0.392795
-1.542440
-2.442995
-1.398734
-0.162866
-0.699367
0.277831
0.249090
-1.111323
-1.264609
-0.843073
-0.028741
0.469438
1.446636
1.906494
1.130484
0.651465
0.182027
1.063421
2.213066
1.887333
0.996359
-0.277831
-0.498179
-0.364054
-0.296991
-0.143706
0.047902
0.632304
1.398734
2.490896
2.395093
1.724467
0.929296
-0.067063
0.210768
0.958037
1.552020
1.456216
-0.182027
-0.823912
0.220349
0.593983
0.641885
0.785590
0.613144
0.411956
0.431117
0.450277
0.450277
0.450277
1.935235
3.113621
2.797468
1.916074
0.766430
1.705306
2.385512
1.973556
2.385512
1.963976
0.296991
0.507760
1.092162
0.383215
0.047902
-0.354474
-1.523279
-0.843073
-0.402376
-1.044260
0.000000
0.613144
1.513699
1.686145
1.398734
1.389154
0.776010
1.590342
1.839431
0.852653
-0.095804
0.076643
0.277831
-0.613144
0.201188
0.699367
-0.047902
-0.143706
-0.440697
-0.210768
1.619083
2.835790
3.036978
3.008236
1.772369
0.823912
1.973556
2.021458
-0.038321
-0.517340
0.364054
0.411956
0.191607
0.574822
1.130484
1.255029
1.197546
1.044260
0.977198
0.823912
1.609502
2.347191
2.193905
1.762788
1.437056
1.896913
1.619083
1.120903
0.890975
0.536501
0.124545
0.057482
-0.095804
-0.296991
0.105384
0.900555
0.421536
0.316152
0.756849
1.082582
1.724467
2.031039
1.925655
1.753208
1.916074
1.140064
1.015519
1.580761
0.852653
0.028741
0.498179
1.456216
1.542440
0.958037
1.063421
0.249090
-0.747269
-0.728108
-1.571181
-1.111323
1.073002
2.337610
2.308869
2.672924
2.720825
2.002298
1.552020
0.843073
0.517340
0.239509
0.354474
0.402376
0.306572
0.756849
1.082582
0.996359
0.833492
0.756849
0.469438
0.584403
2.117262
2.826210
3.161522
2.701665
1.628663
1.858592
1.724467
1.168805
1.772369
1.810690
-0.143706
-0.804751
-0.258670
-0.249090
0.000000
0.613144
0.153286
-0.057482
1.197546
2.519638
2.404673
1.983137
2.395093
2.098101
1.216707
1.427475
1.523279
0.584403
1.130484
2.002298
1.178386
0.172447
-0.411956
-1.302930
-0.488599
0.258670
-1.111323
-0.651465
-0.182027
0.402376
2.519638
2.644182
1.484957
1.427475
1.523279
1.197546
1.053841
0.364054
-0.076643
0.450277
0.938876
0.929296
0.919716
0.919716
0.670626
0.191607
-0.038321
0.229929
0.593983
0.641885
1.034680
1.465797
1.044260
0.977198
2.050199
2.308869
1.322091
1.849012
2.328030
1.456216
1.044260
1.341252
0.622724
-0.201188
0.268250
-0.124545
-1.168805
-0.670626
0.172447
0.450277
1.187966
1.168805
0.536501
1.360413
2.232226
1.408315
0.536501
-0.737689
-1.331672
0.105384
0.661046
-0.431117
-1.063421
-1.484957
-0.823912
1.082582
0.747269
0.469438
1.197546
1.417895
2.126842
2.960335
1.992717
1.044260
1.839431
2.567539
1.935235
1.149644
0.651465
-0.067063
0.210768
0.708947
0.699367
0.450277
0.201188
0.095804
0.287411
0.498179
0.718528
0.948457
1.666985
2.126842
2.337610
1.820271
0.728108
1.197546
1.657404
1.264609
0.833492
0.268250
-1.111323
-1.264609
0.143706
0.306572
-0.479019
0.143706
0.919716
1.044260
1.341252
1.111323
1.255029
1.197546
1.417895
1.149644
0.661046
1.532859
0.958037
-1.025100
-1.590342
-0.134125
0.296991
-0.229929
1.111323
1.255029
-0.641885
-1.168805
-0.546081
-0.019161
0.354474
1.638243
1.992717
0.929296
-0.057482
0.095804
1.638243
1.369993
0.028741
-0.603563
-0.536501
-0.134125
0.057482
0.268250
0.613144
0.526920
0.488599
0.593983
0.641885
0.785590
0.737689
0.833492
2.107682
2.337610
1.331672
1.226287
1.552020
2.078940
1.829851
1.465797
1.781949
1.073002
1.360413
2.107682
1.465797
0.929296
0.795171
-0.114964
-0.546081
0.479019
0.833492
0.756849
1.207127
1.053841
0.488599
1.944815
2.625022
1.954396
1.408315
1.389154
1.504118
0.699367
0.076643
-0.584403
-0.641885
-0.057482
-1.015519
-2.442995
-1.762788
-0.459858
-0.344893
0.076643
0.651465
1.647824
1.504118
1.312511
2.213066
2.625022
1.839431
0.364054
0.661046
0.919716
0.670626
0.431117
0.325733
0.517340
0.728108
0.948457
1.178386
1.159225
1.149644
1.274189
1.944815
1.638243
1.619083
1.734047
1.791529
3.286067
3.123201
1.456216
1.417895
1.523279
-0.277831
-1.484957
-0.450277
0.277831
-0.239509
0.737689
0.833492
0.019161
0.124545
0.546081
0.986778
0.823912
1.609502
2.347191
1.580761
2.088521
2.078940
-0.383215
-0.919716
0.057482
-0.095804
-0.172447
0.526920
0.239509
-0.258670
0.852653
2.241807
2.519638
2.031039
2.423834
2.605861
2.193905
2.375932
1.963976
0.546081
-0.239509
0.498179
0.354474
-0.459858
-0.344893
-0.287411
0.105384
0.411956
0.191607
0.325733
0.517340
0.488599
0.718528
0.823912
0.871814
1.140064
1.389154
1.868172
2.222646
0.670626
1.044260
2.203485
1.025100
0.843073
0.641885
-0.804751
-0.871814
0.076643
-0.584403
-1.753208
-0.574822
1.207127
0.680206
0.316152
0.143706
-0.555661
-0.871814
0.325733
0.881394
-0.086223
-0.661046
-1.178386
-1.417895
-1.283770
0.134125
0.910135
-0.067063
0.210768
0.708947
-0.038321
0.469438
2.174744
1.992717
0.191607
0.823912
1.858592
1.235868
1.427475
1.408315
0.162866
0.316152
0.756849
-0.507760
-1.590342
-1.973556
-1.178386
-0.306572
0.095804
0.526920
0.737689
0.958037
0.929296
0.804751
0.622724
0.651465
1.772369
2.059780
2.433414
2.979495
1.140064
1.015519
1.705306
1.034680
1.590342
1.226287
-0.776010
-1.226287
-0.335313
-0.162866
-0.689787
-0.699367
-0.948457
-0.689787
0.287411
1.235868
1.552020
1.216707
2.902852
3.563898
2.395093
2.222646
1.523279
0.220349
0.095804
0.411956
0.316152
0.268250
0.613144
0.287411
-0.852653
-1.628663
-0.641885
0.555661
0.871814
2.241807
2.644182
1.599922
1.235868
0.938876
-0.172447
-0.574822
0.833492
0.996359
0.095804
-0.076643
-0.162866
0.038321
0.507760
0.852653
0.766430
0.843073
1.130484
1.140064
1.015519
1.092162
1.858592
2.098101
2.078940
2.318450
2.184325
2.615441
2.692084
1.619083
0.996359
0.459858
-1.015519
-1.216707
0.162866
0.440697
0.325733
0.641885
0.785590
0.852653
1.015519
1.207127
1.053841
0.488599
1.695726
2.874111
1.590342
0.737689
0.469438
-0.028741
0.105384
0.776010
0.603563
-0.086223
0.450277
0.699367
-0.661046
-1.053841
-0.498179
-0.114964
0.316152
1.734047
2.155583
1.130484
1.015519
1.082582
1.484957
2.538798
2.653763
1.849012
1.350832
1.120903
1.005939
1.082582
1.245448
1.187966
0.919716
0.919716
0.795171
0.498179
0.479019
0.469438
1.322091
2.337610
2.931593
2.960335
2.605861
3.544737
3.247746
1.274189
0.708947
0.574822
-0.469438
0.143706
0.795171
0.000000
-0.373634
-0.182027
-0.459858
-0.708947
-0.459858
-0.469438
0.143706
1.044260
1.714886
1.657404
1.628663
1.858592
1.111323
1.130484
1.255029
0.833492
0.756849
0.105384
-0.325733
-0.402376
0.296991
0.871814
0.526920
1.599922
2.088521
0.728108
0.823912
1.734047
1.053841
0.364054
1.149644
1.638243
0.881394
-0.325733
-0.162866
0.536501
0.498179
0.718528
1.073002
1.360413
1.245448
1.073002
0.862233
0.526920
0.613144
0.651465
1.657404
2.241807
2.270548
1.916074
1.389154
2.605861
3.180683
2.711245
3.104040
3.161522
1.714886
0.795171
0.862233
0.402376
-0.555661
0.354474
1.638243
1.130484
0.402376
-0.067063
0.574822
1.369993
1.743628
2.155583
2.845370
2.433414
1.628663
2.107682
1.590342
0.249090
0.603563
0.890975
-0.938876
-1.302930
-0.862233
-1.025100
-0.977198
0.517340
1.101743
0.019161
0.000000
0.737689
1.686145
2.136423
2.222646
1.772369
0.574822
0.019161
0.249090
-0.258670
-0.249090
0.613144
0.651465
0.546081
0.737689
0.833492
0.881394
0.651465
0.795171
1.226287
2.050199
2.423834
1.992717
1.542440
1.571181
2.941174
2.969915
1.504118
1.312511
1.101743
0.756849
0.469438
0.459858
0.584403
-0.344893
-1.025100
-1.226287
-0.574822
0.220349
0.220349
1.082582
0.747269
-0.756849
-0.114964
1.293350
2.069360
2.318450
1.322091
0.737689
1.207127
0.440697
-0.287411
0.354474
-0.086223
-1.762788
-2.308869
-1.331672
-0.258670
0.000000
0.977198
1.561600
0.603563
-0.086223
1.063421
1.839431
1.350832
1.734047
1.293350
0.114964
0.172447
0.565242
0.383215
0.546081
0.622724
0.651465
0.795171
0.737689
0.708947
0.823912
0.747269
1.571181
2.328030
2.557959
2.663343
1.369993
1.619083
2.596281
2.193905
1.638243
1.130484
0.526920
0.364054
0.162866
-0.172447
0.162866
-0.910135
-1.906494
-0.153286
0.910135
0.047902
0.881394
1.638243
1.255029
1.686145
2.375932
1.714886
-0.182027
-0.335313
-0.287411
-1.120903
-0.776010
0.249090
0.239509
-0.258670
-0.737689
-1.705306
-1.417895
0.929296
2.155583
1.609502
0.996359
0.335313
0.890975
1.149644
0.287411
-0.114964
-0.555661
-1.245448
-0.344893
0.938876
0.804751
0.747269
0.708947
0.450277
0.459858
0.823912
0.996359
0.708947
0.699367
0.565242
1.120903
0.641885
-0.689787
-0.086223
-0.287411
-0.881394
-0.172447
0.651465
1.159225
1.034680
1.092162
1.120903
0.277831
-0.114964
0.182027
0.325733
-0.220349
-1.580761
-1.849012
-0.507760
0.373634
0.661046
1.408315
1.887333
1.858592
1.111323
1.255029
1.935235
1.264609
-0.766430
-2.078940
-0.977198
0.268250
0.364054
0.287411
0.871814
0.651465
0.296991
0.507760
0.479019
0.344893
1.513699
1.686145
1.523279
2.059780
0.833492
-0.967617
-1.925655
-0.411956
0.910135
0.670626
0.804751
0.737689
0.584403
0.766430
0.843073
0.881394
0.776010
0.488599
0.718528
1.437056
1.772369
1.925655
1.264609
0.708947
1.437056
1.159225
0.785590
0.239509
-0.383215
0.919716
2.395093
1.484957
0.201188
-0.153286
0.287411
-0.114964
-0.910135
-0.555661
-0.507760
0.000000
0.852653
1.130484
1.015519
1.331672
1.360413
0.756849
0.593983
1.504118
2.165164
1.379573
0.517340
1.216707
0.938876
-0.057482
-0.277831
0.603563
1.015519
0.105384
1.149644
1.887333
0.881394
0.900555
1.025100
0.843073
1.992717
2.404673
1.360413
0.258670
-0.124545
0.306572
0.871814
0.900555
0.661046
0.795171
1.111323
1.130484
0.890975
0.661046
0.680206
1.044260
1.226287
1.791529
1.695726
0.785590
1.839431
2.577120
1.695726
1.887333
1.734047
0.067063
-0.220349
0.996359
1.073002
1.111323
1.868172
0.871814
0.641885
0.785590
0.613144
1.140064
1.015519
2.069360
2.557959
2.050199
1.935235
1.513699
0.335313
-1.197546
-0.814332
-0.383215
-0.919716
-0.191607
0.153286
-0.421536
-0.325733
0.335313
0.517340
0.977198
2.787888
3.017817
1.772369
0.823912
-0.229929
0.622724
2.251387
2.644182
1.724467
0.182027
0.086223
0.766430
0.967617
1.187966
1.044260
0.488599
0.220349
0.469438
0.584403
0.517340
0.852653
1.868172
2.098101
2.328030
2.069360
1.456216
2.644182
2.586700
1.207127
0.929296
0.919716
0.680206
0.929296
0.919716
0.555661
-0.229929
-1.092162
-1.868172
-1.734047
-1.552020
-1.839431
0.000000
1.465797
1.053841
0.364054
1.523279
1.935235
0.900555
1.523279
1.571181
0.488599
0.220349
1.082582
1.849012
1.350832
1.120903
1.255029
0.584403
0.641885
0.047902
-0.469438
1.120903
1.992717
1.293350
1.341252
2.586700
2.922013
2.222646
1.647824
1.255029
1.073002
1.111323
1.005939
0.958037
1.063421
0.986778
0.948457
0.689787
0.565242
0.507760
0.603563
2.117262
2.462155
2.625022
2.692084
1.255029
1.686145
1.896913
0.632304
0.296991
0.498179
-0.996359
-2.433414
-1.264609
-0.718528
-1.197546
0.785590
2.078940
1.456216
1.293350
1.580761
1.350832
0.871814
1.264609
1.446636
1.896913
2.356771
1.705306
0.182027
0.325733
1.130484
0.153286
-0.670626
0.661046
1.168805
-0.191607
-0.584403
-0.153286
0.047902
0.507760
2.193905
2.739986
1.887333
1.005939
0.220349
1.197546
2.155583
1.245448
0.574822
0.517340
0.852653
1.130484
1.140064
1.025100
0.843073
0.881394
0.900555
0.785590
0.737689
0.708947
0.823912
1.973556
2.270548
1.552020
1.456216
2.031039
3.276487
2.874111
1.092162
0.632304
0.172447
-0.785590
-0.613144
-0.536501
-0.622724
-0.546081
0.229929
0.105384
-0.689787
-1.187966
-1.053841
-0.249090
0.737689
2.548379
2.663343
1.484957
0.814332
-0.114964
0.440697
0.814332
0.373634
0.411956
0.440697
1.552020
1.456216
-0.306572
-0.641885
0.555661
1.111323
1.255029
2.548379
3.027397
2.395093
2.347191
1.829851
0.852653
0.517340
1.216707
1.178386
-0.191607
-0.833492
-0.392795
0.182027
0.574822
0.632304
0.661046
0.795171
0.986778
0.948457
0.929296
1.044260
1.839431
1.963976
1.523279
1.695726
2.136423
2.711245
2.490896
2.136423
1.609502
0.632304
0.785590
2.328030
2.069360
0.843073
0.881394
0.900555
-0.316152
0.344893
1.628663
0.641885
0.421536
1.053841
1.226287
1.302930
2.203485
2.011878
1.063421
1.599922
2.337610
1.829851
1.092162
0.996359
0.708947
0.325733
0.766430
0.479019
-0.277831
-0.009580
0.239509
1.216707
2.280128
2.050199
1.810690
3.056138
2.902852
0.862233
1.140064
1.877753
0.632304
-0.325733
0.086223
0.651465
1.034680
1.092162
0.756849
0.469438
0.220349
0.220349
0.344893
0.402376
1.044260
1.465797
1.666985
1.628663
1.743628
1.916074
1.015519
1.207127
1.417895
1.149644
1.274189
0.469438
0.584403
0.641885
0.047902
0.268250
-0.373634
-1.647824
-0.526920
1.590342
2.213066
2.011878
1.552020
0.718528
1.561600
1.705306
0.057482
0.517340
0.479019
1.322091
2.826210
2.538798
1.925655
1.140064
0.287411
0.249090
1.216707
1.053841
0.364054
0.047902
-0.479019
0.019161
1.599922
2.471736
2.251387
2.644182
2.586700
1.322091
0.986778
0.948457
0.938876
0.929296
0.555661
0.747269
1.082582
0.996359
0.833492
0.507760
0.229929
0.593983
2.241807
2.644182
1.724467
1.293350
1.092162
1.983137
2.031039
0.699367
0.201188
-0.153286
-0.814332
-1.120903
-1.025100
-1.101743
-1.005939
0.383215
0.910135
-0.067063
0.574822
1.983137
1.168805
-0.076643
1.561600
3.305228
2.270548
1.676565
1.274189
0.095804
-0.201188
0.392795
0.306572
-0.229929
-0.479019
-1.580761
-0.747269
0.756849
1.456216
2.644182
1.724467
0.067063
1.130484
2.615441
1.705306
1.044260
0.728108
0.335313
1.015519
0.593983
0.028741
0.747269
0.833492
0.756849
0.843073
0.641885
0.661046
0.555661
0.373634
0.546081
0.622724
0.900555
1.896913
1.983137
2.155583
1.983137
1.293350
1.829851
1.465797
0.680206
0.191607
-1.015519
-1.341252
-0.143706
0.172447
0.076643
0.651465
1.034680
0.479019
0.344893
1.140064
0.162866
-1.034680
-0.613144
1.302930
3.190264
3.084879
2.050199
2.059780
1.820271
1.456216
2.519638
2.155583
1.005939
0.958037
0.440697
-1.025100
-0.977198
-0.220349
0.507760
0.718528
0.335313
1.379573
3.343549
3.774666
3.104040
3.410612
2.816629
0.450277
-0.776010
0.000000
0.114964
0.047902
0.392795
0.421536
0.440697
0.574822
0.383215
0.182027
0.450277
0.450277
0.335313
0.766430
1.954396
2.874111
2.193905
1.025100
2.069360
2.807049
1.063421
0.000000
-0.249090
-0.977198
-1.571181
-0.613144
0.201188
-0.028741
0.718528
1.561600
1.705306
1.772369
0.948457
-0.057482
-0.277831
1.216707
2.165164
1.494538
0.814332
0.134125
-0.191607
-0.335313
0.201188
0.459858
-0.277831
0.229929
1.580761
1.226287
1.427475
1.647824
1.130484
0.651465
1.159225
2.011878
1.676565
2.002298
2.529218
1.916074
0.890975
0.287411
-0.239509
-0.728108
-1.082582
-0.881394
0.076643
0.641885
0.785590
0.977198
0.823912
0.632304
0.536501
0.498179
0.718528
0.000000
0.000000
0.000000
0.000000
0.000000
0.000000
0.000000
0.000000
0.000000
0.000000
0.000000
0.000000
0.000000
0.000000
0.000000
0.000000
0.000000
0.000000
0.000000
0.000000
0.000000
0.000000
0.000000
0.000000
0.000000
0.000000
0.000000
0.000000
0.000000
0.000000
0.000000
0.000000
0.000000
0.000000
0.000000
0.000000
0.000000
0.000000
0.000000
0.000000
