9.292960
9.292960
8.909745
8.976808
9.273799
8.900165
8.718138
8.766040
8.794781
8.804361
8.804361
9.063031
9.177996
8.852262
8.698977
8.881004
8.976808
8.890584
9.225897
9.771978
9.762398
9.513309
9.264218
9.024710
8.909745
8.986388
9.398344
9.724076
9.484568
9.130094
8.957647
9.130094
9.216317
8.995968
9.283380
9.666595
9.465406
8.986388
9.015129
9.542049
9.532469
9.149254
9.091772
8.938486
8.746879
8.909745
8.986388
9.139674
9.216317
9.005548
9.024710
9.292960
9.417504
9.350442
9.187575
9.110932
9.082191
9.063031
9.312120
9.676175
9.973166
9.982746
10.365961
10.806659
10.624632
10.672533
10.825819
9.877362
8.287021
7.932547
9.417504
10.241417
9.340861
9.436666
9.867782
9.685755
9.848621
11.074909
11.391061
10.519247
10.624632
11.055748
10.365961
9.149254
8.459468
7.760100
7.041573
7.597234
9.139674
9.858202
9.551630
8.900165
8.593593
8.325342
9.858202
11.458123
10.423444
10.193515
10.346801
10.413863
11.209034
10.691694
9.934845
9.206737
8.612754
8.210378
8.401985
8.746879
8.526530
8.804361
9.312120
9.676175
9.465406
9.120513
9.206737
9.628273
9.695335
9.350442
9.063031
8.804361
10.203095
10.730016
9.446246
8.852262
9.724076
10.126452
9.551630
9.915684
9.704916
8.976808
9.139674
8.584012
8.066672
9.091772
9.963586
10.365961
9.532469
8.641495
8.219958
9.168415
10.375542
9.791140
9.139674
8.584012
7.693038
8.028351
8.698977
8.497789
7.645136
7.118216
7.511011
9.340861
10.452185
9.580371
8.785200
8.037931
9.340861
11.094069
11.266517
10.595890
9.264218
7.875065
7.233180
8.200797
9.417504
9.091772
8.181637
7.884645
8.507369
9.053451
8.794781
9.053451
9.302540
9.043870
9.302540
9.551630
9.158834
8.842683
8.823522
9.072611
10.068970
10.030648
10.394703
11.074909
10.749176
10.222256
8.957647
7.616395
7.491850
8.698977
9.015129
8.267860
8.047512
8.325342
8.842683
9.589952
9.800719
10.289318
10.136032
8.794781
8.804361
10.203095
10.346801
9.657014
9.206737
8.488209
8.919326
10.136032
9.685755
9.216317
8.995968
7.376885
6.361366
7.405627
8.785200
9.177996
9.867782
9.810300
9.149254
9.350442
9.695335
10.241417
10.749176
10.730016
9.704916
8.344503
7.578074
6.706260
7.578074
8.995968
9.149254
9.350442
9.446246
9.225897
9.005548
9.283380
9.283380
9.158834
9.350442
9.187575
8.861843
8.325342
9.474987
10.768337
10.356381
10.797078
9.992327
7.961288
8.028351
8.315762
8.957647
9.005548
8.382825
9.120513
9.072611
8.804361
8.679816
8.239119
9.053451
9.551630
8.267860
9.063031
9.819880
9.024710
9.676175
10.356381
9.906103
9.704916
9.609112
8.162477
8.507369
10.068970
9.647433
8.564852
8.440307
8.382825
9.245058
10.662952
10.433024
10.452185
10.212675
10.356381
11.304838
11.755116
11.074909
8.852262
7.549332
7.204439
7.673877
8.660655
9.120513
9.714497
9.618692
9.187575
8.986388
9.273799
9.407925
9.091772
9.072611
9.436666
9.867782
9.302540
10.059389
10.787498
9.982746
10.365961
9.915684
7.673877
6.495492
7.472689
8.306182
8.315762
9.474987
9.877362
8.919326
8.603173
9.225897
10.021068
10.260577
11.266517
10.969524
9.427085
9.350442
9.187575
9.618692
10.327640
9.513309
8.114574
7.214019
7.424788
8.421146
9.388763
9.206737
8.612754
9.101353
9.321701
9.053451
8.670236
9.254639
10.155193
9.819880
10.298899
11.276096
10.595890
10.528828
10.126452
9.034289
8.909745
9.245058
9.771978
9.771978
9.762398
9.379183
9.082191
8.938486
9.120513
9.206737
8.871424
8.708557
8.766040
9.034289
8.909745
9.877362
10.576730
9.886943
10.068970
10.662952
10.183934
9.063031
8.421146
8.373244
8.478628
7.894226
8.258280
9.177996
9.743237
9.877362
10.586310
10.777917
10.365961
10.298899
10.519247
10.365961
10.298899
10.519247
9.350442
8.804361
9.321701
9.043870
7.654716
7.760100
8.574432
8.574432
8.698977
8.881004
8.976808
9.522889
9.781559
10.528828
10.758757
10.222256
11.247355
10.959945
9.427085
8.584012
7.558913
7.587654
8.622334
8.852262
8.833102
8.813941
9.197156
9.369603
9.072611
9.312120
9.810300
9.657014
9.206737
9.120513
9.206737
9.503728
9.388763
10.222256
10.097711
9.158834
9.484568
8.488209
6.620036
6.639197
8.306182
9.082191
8.679816
8.881004
8.967227
8.631914
9.110932
9.580371
9.934845
10.346801
11.180293
10.547989
9.877362
9.944425
9.465406
8.478628
8.277440
8.813941
8.928905
8.861843
9.340861
9.561211
9.283380
9.158834
8.842683
8.698977
9.139674
9.599532
9.685755
10.739595
10.471346
9.072611
9.944425
10.480926
9.839041
9.925264
9.704916
8.842683
9.082191
9.695335
9.225897
9.254639
9.139674
9.091772
9.187575
9.369603
9.704916
9.609112
9.312120
9.427085
9.609112
9.312120
8.536111
9.570790
10.691694
10.193515
10.346801
9.647433
7.932547
7.252341
7.827163
8.478628
8.018770
8.181637
8.651075
8.603173
8.459468
8.775620
9.944425
10.605471
11.170712
11.055748
10.998266
10.720435
9.695335
9.733657
10.634212
10.040229
8.497789
7.769681
7.817583
8.085834
9.235477
10.279738
9.877362
9.819880
9.657014
9.072611
8.804361
9.944425
10.097711
8.651075
9.110932
9.589952
8.536111
8.296601
8.440307
7.999610
8.555271
9.072611
9.063031
9.053451
9.053451
9.177996
9.110932
9.082191
9.063031
8.928905
8.995968
9.024710
9.292960
9.800719
9.398344
9.973166
10.749176
10.346801
10.538408
9.743237
7.970869
8.296601
9.206737
9.379183
8.689397
8.373244
9.369603
10.471346
10.730016
9.570790
8.651075
8.354083
8.469048
8.392405
9.628273
10.844980
10.519247
11.381481
11.793437
10.959945
10.068970
9.264218
9.791140
10.030648
9.254639
8.631914
9.110932
8.698977
8.756459
10.691694
11.084489
10.634212
10.682114
9.810300
8.258280
7.664297
8.401985
8.871424
7.951708
8.536111
10.461765
10.337220
9.264218
9.024710
9.292960
9.417504
9.091772
8.948067
8.871424
8.842683
8.823522
9.072611
9.695335
9.982746
9.225897
9.896523
10.078550
9.139674
9.340861
9.187575
8.861843
8.698977
9.005548
9.283380
7.884645
7.990029
10.078550
10.030648
9.254639
8.766040
9.417504
9.982746
9.743237
9.494147
10.145613
10.193515
9.963586
10.749176
10.088131
8.641495
8.478628
8.018770
6.409268
5.911089
6.945769
8.191217
7.884645
8.890584
10.624632
10.797078
11.132391
11.803017
10.969524
9.934845
10.222256
9.599532
8.411566
7.606814
6.466751
7.214019
9.340861
9.436666
8.842683
9.206737
9.503728
9.513309
9.264218
9.273799
9.791140
9.647433
9.072611
9.053451
9.302540
9.810300
9.781559
10.021068
10.902462
10.931203
10.816238
10.634212
9.915684
9.197156
9.120513
9.206737
8.488209
8.401985
9.886943
10.068970
9.398344
8.833102
8.440307
8.258280
9.446246
10.126452
9.292960
9.292960
8.909745
7.328984
6.591295
8.401985
9.254639
8.382825
8.478628
10.308479
10.902462
10.423444
10.203095
9.206737
9.503728
11.036588
10.988686
9.829460
9.532469
8.516950
8.670236
10.136032
9.551630
8.900165
8.210378
7.769681
8.449887
8.392405
8.229539
8.545691
9.063031
9.312120
9.043870
8.919326
9.245058
9.398344
9.216317
9.379183
9.331282
9.436666
9.350442
9.829460
9.666595
9.589952
10.059389
9.647433
9.704916
9.484568
9.130094
9.082191
8.306182
7.424788
7.654716
9.034289
9.925264
8.689397
8.756459
9.417504
9.340861
9.063031
9.436666
9.733657
9.494147
9.637854
9.063031
8.545691
8.813941
8.430726
7.865485
9.264218
10.040229
10.021068
9.877362
9.819880
9.657014
10.346801
9.781559
8.756459
9.417504
9.858202
10.442604
9.954005
8.957647
8.114574
7.089475
7.625975
9.015129
9.542049
9.532469
9.273799
8.900165
8.593593
8.842683
9.206737
9.628273
9.695335
9.225897
9.254639
9.522889
9.657014
8.948067
8.995968
9.149254
9.858202
10.825819
10.260577
9.867782
9.043870
8.287021
9.072611
8.928905
8.737298
9.915684
9.580371
9.168415
8.842683
8.440307
8.258280
9.446246
10.634212
10.040229
9.762398
9.503728
7.990029
6.897867
8.296601
9.465406
8.986388
9.149254
9.858202
9.427085
9.225897
9.513309
8.631914
7.961288
9.934845
10.097711
8.641495
9.110932
8.574432
7.683457
7.903806
9.149254
9.350442
7.654716
7.127796
9.043870
10.318060
9.886943
9.312120
9.427085
9.484568
8.995968
9.015129
9.158834
8.976808
8.890584
8.842683
8.823522
9.321701
9.302540
9.542049
10.298899
9.877362
9.436666
8.852262
7.683457
7.769681
8.833102
8.813941
7.798422
8.718138
10.289318
10.260577
9.992327
9.110932
8.191217
7.884645
9.388763
9.973166
9.858202
10.701274
9.944425
8.574432
8.440307
9.781559
9.647433
7.549332
7.836743
9.752818
10.653373
10.682114
10.183934
10.586310
10.912043
10.164774
9.695335
10.873721
10.912043
9.024710
9.292960
9.283380
7.884645
8.248699
8.928905
8.861843
8.066672
7.568493
8.104994
8.737298
9.407925
9.474987
9.120513
8.957647
9.254639
9.398344
9.216317
9.254639
9.149254
9.350442
9.695335
9.724076
9.743237
10.643792
10.557569
8.354083
7.961288
8.287021
8.306182
9.206737
9.245058
9.522889
9.647433
8.689397
8.756459
9.676175
9.973166
9.474987
8.861843
8.957647
8.871424
8.459468
8.766040
9.800719
9.522889
8.382825
9.628273
10.586310
9.762398
9.637854
9.446246
9.867782
10.059389
9.647433
10.720435
10.844980
9.762398
8.871424
8.842683
9.082191
8.804361
8.938486
8.995968
9.149254
8.708557
7.875065
7.616395
7.491850
7.683457
8.401985
9.254639
9.647433
9.455826
9.360023
9.704916
9.609112
9.177996
9.235477
9.388763
9.589952
9.043870
9.810300
10.921623
10.049809
9.896523
9.819880
9.149254
8.708557
9.149254
9.216317
7.980449
8.172056
9.015129
8.909745
9.235477
9.896523
9.570790
8.775620
9.810300
10.806659
11.007846
11.103650
11.027007
10.471346
9.589952
9.810300
9.398344
8.066672
8.210378
9.158834
8.593593
8.708557
9.024710
8.660655
8.612754
9.350442
9.954005
9.216317
9.254639
9.139674
8.200797
7.884645
8.631914
9.360023
8.938486
9.379183
9.839041
8.526530
7.913386
8.507369
9.302540
9.427085
9.101353
9.072611
9.312120
9.168415
8.852262
9.206737
9.762398
10.011488
9.877362
10.452185
10.595890
9.896523
9.561211
9.158834
9.225897
8.881004
7.951708
8.794781
9.053451
8.162477
8.631914
9.618692
9.819880
8.775620
8.794781
10.203095
11.362320
11.017426
10.222256
10.864141
9.896523
8.172056
8.258280
9.436666
9.992327
8.593593
8.459468
8.900165
8.842683
9.206737
8.871424
8.584012
8.957647
10.021068
10.519247
10.490506
10.998266
10.586310
9.513309
9.130094
9.216317
9.637854
8.938486
7.463109
7.290662
7.970869
8.545691
8.938486
9.503728
9.513309
9.139674
9.216317
9.503728
9.388763
9.082191
8.938486
9.254639
10.289318
10.011488
9.877362
10.193515
10.097711
10.423444
11.084489
10.883302
9.015129
8.133735
8.871424
8.842683
7.300243
8.104994
9.503728
9.513309
9.906103
10.586310
10.394703
9.676175
9.599532
10.327640
10.279738
9.877362
10.586310
10.145613
8.919326
9.120513
8.823522
6.782903
6.964930
8.842683
9.465406
8.861843
8.833102
9.072611
10.461765
10.979105
10.068970
9.771978
9.637854
9.704916
9.484568
9.886943
9.561211
8.143315
8.239119
9.177996
8.727718
8.392405
8.746879
9.158834
9.101353
8.813941
9.187575
9.618692
9.819880
9.532469
9.273799
9.273799
9.915684
9.963586
10.356381
11.438963
10.921623
10.298899
10.260577
10.375542
9.666595
8.698977
8.248699
7.146957
7.903806
10.547989
11.151552
10.528828
9.867782
10.068970
10.155193
9.187575
8.727718
9.657014
10.222256
9.848621
10.049809
9.637854
8.555271
8.315762
8.200797
6.869126
6.763742
8.229539
9.043870
9.551630
10.174354
10.212675
9.589952
8.794781
8.928905
8.737298
8.516950
9.944425
10.356381
8.890584
8.076253
7.453528
6.399688
7.424788
9.312120
9.810300
9.398344
9.216317
9.130094
8.957647
9.130094
9.340861
9.187575
8.986388
8.890584
9.101353
8.938486
8.239119
9.312120
10.183934
9.704916
9.867782
10.193515
8.948067
7.980449
9.187575
9.877362
9.302540
9.542049
10.547989
10.385122
9.542049
8.766040
9.292960
9.666595
9.465406
9.369603
10.212675
10.730016
9.829460
9.542049
8.641495
8.095413
8.861843
8.708557
7.233180
6.802063
7.999610
8.938486
8.229539
9.043870
9.934845
9.589952
9.934845
10.854560
10.270158
9.110932
10.088131
10.040229
8.995968
8.133735
6.964930
6.936189
8.574432
9.465406
9.245058
9.264218
9.398344
9.216317
8.871424
8.957647
8.871424
8.833102
9.072611
9.312120
9.551630
9.791140
9.139674
9.724076
10.758757
10.605471
10.921623
10.298899
9.379183
8.948067
8.746879
9.034289
8.526530
8.555271
10.212675
10.356381
9.657014
8.698977
9.264218
10.672533
10.183934
10.212675
10.356381
10.164774
9.819880
9.273799
9.024710
9.800719
10.030648
8.612754
8.976808
8.373244
7.463109
8.306182
8.957647
9.005548
8.900165
9.101353
8.813941
9.063031
8.421146
8.756459
10.059389
9.388763
9.072611
9.695335
10.107291
9.417504
8.584012
8.449887
8.516950
8.928905
9.245058
9.139674
8.967227
8.881004
8.976808
9.015129
8.909745
8.852262
8.833102
9.197156
9.369603
10.222256
10.864141
10.902462
10.806659
10.500087
10.490506
9.839041
8.651075
8.737298
8.651075
7.846324
7.587654
7.855904
8.871424
9.340861
10.327640
10.404283
9.168415
8.852262
10.222256
10.988686
10.586310
11.036588
10.739595
9.704916
9.609112
8.545691
6.782903
5.700321
6.591295
8.287021
8.440307
9.781559
11.170712
10.547989
9.235477
8.497789
9.685755
9.982746
8.593593
8.459468
9.283380
9.158834
8.593593
9.091772
9.704916
9.350442
8.804361
9.063031
9.561211
9.542049
9.273799
9.283380
9.542049
9.532469
9.149254
8.967227
9.139674
9.340861
9.053451
10.068970
10.155193
9.177996
10.250997
9.858202
7.894226
8.507369
9.561211
9.024710
7.635556
6.735001
7.079894
8.766040
9.427085
9.225897
9.513309
8.881004
7.827163
7.328984
8.881004
9.982746
10.116872
9.791140
8.507369
9.177996
9.743237
8.488209
8.018770
7.424788
6.888287
7.405627
8.028351
8.315762
8.584012
8.449887
7.616395
8.890584
10.500087
10.231836
10.097711
10.174354
9.570790
8.785200
9.177996
8.852262
8.325342
9.858202
10.691694
10.068970
9.647433
9.072611
8.928905
9.379183
9.580371
9.551630
9.407925
9.216317
9.254639
9.522889
9.657014
10.605471
10.538408
9.877362
10.327640
10.787498
10.873721
9.637854
8.306182
7.808002
7.319404
6.840385
7.894226
8.382825
8.354083
8.344503
8.842683
9.589952
9.551630
9.407925
9.982746
10.624632
9.398344
9.465406
9.494147
8.622334
9.609112
10.327640
10.270158
9.484568
7.980449
8.545691
9.321701
8.794781
8.670236
9.130094
9.848621
9.800719
8.766040
8.785200
9.312120
8.919326
9.110932
9.455826
8.478628
7.635556
8.382825
9.886943
10.203095
9.455826
9.494147
9.762398
9.503728
9.139674
9.091772
9.072611
8.928905
9.120513
9.589952
10.442604
10.452185
10.088131
9.657014
9.839041
9.800719
8.382825
9.494147
10.270158
9.235477
9.139674
8.584012
8.066672
7.568493
8.354083
9.733657
9.618692
10.586310
11.668892
10.777917
9.340861
9.312120
9.417504
8.076253
8.469048
9.034289
8.660655
8.737298
9.024710
10.567149
10.394703
9.168415
9.743237
9.369603
7.922967
7.635556
9.273799
10.547989
9.618692
9.944425
11.247355
10.701274
9.302540
8.526530
9.312120
9.292960
8.401985
8.239119
9.053451
9.810300
9.273799
9.283380
9.283380
8.900165
8.976808
9.139674
8.967227
8.881004
9.101353
9.580371
10.442604
10.710855
11.218615
10.567149
9.245058
9.647433
9.963586
10.615051
10.279738
9.245058
9.388763
8.066672
6.179339
5.671580
6.840385
8.401985
8.871424
9.858202
10.442604
10.710855
10.452185
10.969524
11.218615
9.551630
9.532469
9.657014
8.564852
9.082191
8.928905
7.079894
6.735001
8.344503
9.225897
9.130094
10.231836
10.356381
9.781559
10.404283
10.825819
10.001907
9.110932
9.082191
8.804361
9.187575
10.001907
8.727718
6.993671
6.562554
7.760100
8.957647
9.130094
9.465406
9.369603
8.938486
8.612754
8.593593
8.833102
8.948067
8.871424
9.091772
9.704916
9.474987
9.752818
9.628273
8.813941
8.938486
9.379183
9.829460
9.925264
10.212675
10.222256
9.340861
9.053451
9.810300
9.407925
8.708557
9.139674
9.091772
9.570790
11.448544
11.438963
10.797078
11.132391
10.912043
9.657014
9.331282
9.561211
8.900165
8.593593
9.216317
9.254639
9.149254
9.733657
9.494147
9.379183
9.197156
10.260577
10.634212
9.781559
10.030648
8.995968
7.999610
7.664297
8.526530
9.570790
8.909745
9.110932
10.346801
10.040229
9.005548
9.149254
9.599532
9.685755
9.350442
9.312120
9.427085
9.225897
9.130094
9.091772
8.938486
9.120513
8.698977
9.522889
10.279738
10.260577
10.758757
10.864141
11.161132
10.547989
9.235477
7.616395
6.466751
6.821224
7.750520
9.331282
9.944425
9.589952
9.800719
9.657014
9.714497
9.101353
8.181637
8.766040
9.168415
8.852262
8.957647
9.388763
9.331282
8.928905
9.120513
8.948067
8.995968
9.915684
10.088131
9.158834
9.350442
10.203095
10.088131
10.040229
10.653373
9.666595
8.191217
7.760100
7.683457
7.779261
7.951708
8.660655
7.980449
7.405627
7.894226
8.631914
9.235477
9.264218
9.024710
8.909745
9.360023
9.446246
8.976808
8.890584
9.225897
10.145613
10.452185
9.954005
9.340861
9.685755
10.231836
9.474987
10.260577
10.624632
9.149254
8.593593
8.200797
7.760100
8.191217
8.516950
8.670236
8.104994
7.970869
9.685755
11.122810
11.027007
10.730016
11.362320
10.634212
9.024710
8.651075
9.628273
10.844980
9.877362
9.685755
9.091772
7.922967
8.651075
10.011488
10.892881
10.538408
10.250997
9.858202
8.919326
8.478628
8.909745
9.369603
9.072611
8.172056
8.516950
9.561211
9.283380
8.900165
9.350442
9.312120
9.427085
9.733657
9.618692
9.570790
9.666595
9.206737
8.737298
8.775620
9.043870
9.551630
10.049809
9.513309
10.413863
10.442604
9.695335
10.624632
10.030648
10.394703
10.567149
9.877362
10.203095
9.197156
7.970869
7.903806
9.283380
10.423444
9.810300
10.423444
11.592249
11.122810
10.021068
10.260577
10.624632
9.024710
8.909745
9.360023
8.689397
8.881004
9.225897
8.871424
7.951708
8.028351
8.698977
8.631914
9.743237
11.534766
11.601830
10.749176
10.480926
10.864141
10.021068
8.995968
8.516950
8.670236
8.995968
9.024710
9.666595
9.589952
8.785200
8.545691
8.938486
9.503728
9.513309
9.139674
8.967227
9.264218
9.407925
9.091772
9.197156
9.494147
9.886943
9.312120
9.676175
9.599532
9.427085
10.365961
10.298899
9.877362
9.302540
9.043870
8.919326
7.970869
8.670236
10.394703
10.308479
10.021068
9.369603
8.813941
8.172056
9.532469
10.030648
9.503728
10.145613
9.302540
7.769681
7.175698
8.172056
9.532469
9.657014
9.839041
9.925264
9.704916
9.733657
9.628273
10.212675
10.222256
10.615051
10.155193
9.312120
9.676175
9.216317
7.597234
6.332625
7.271502
7.961288
7.271502
7.961288
8.545691
7.798422
7.702618
8.162477
8.890584
9.225897
9.005548
9.283380
9.542049
9.657014
9.589952
9.168415
9.235477
9.254639
8.890584
9.867782
10.576730
10.643792
10.806659
9.858202
9.043870
8.660655
8.612754
9.225897
9.005548
9.666595
10.346801
9.398344
9.082191
9.187575
9.877362
10.452185
10.461765
9.321701
9.053451
9.561211
9.925264
9.321701
7.645136
8.392405
9.379183
8.948067
9.762398
10.011488
9.120513
8.823522
9.072611
10.078550
10.672533
11.074909
10.624632
9.906103
9.829460
9.034289
9.810300
11.055748
10.107291
9.034289
8.018770
7.673877
7.779261
8.200797
8.909745
8.852262
9.082191
9.187575
9.120513
9.082191
9.321701
9.427085
9.101353
8.948067
9.120513
9.714497
9.609112
10.452185
11.103650
10.385122
9.791140
9.906103
10.461765
9.580371
8.411566
7.731359
7.166118
8.162477
9.273799
8.392405
8.354083
8.727718
8.641495
8.986388
10.423444
10.576730
9.130094
9.082191
8.928905
8.995968
9.915684
9.963586
9.858202
9.810300
8.507369
7.396046
9.043870
10.567149
9.752818
9.369603
9.321701
9.177996
8.852262
8.957647
9.264218
8.890584
9.484568
10.394703
9.800719
9.398344
8.833102
7.922967
7.760100
8.833102
9.704916
9.609112
9.819880
9.532469
9.273799
9.532469
9.915684
9.829460
9.417504
9.091772
9.072611
9.312120
8.660655
9.120513
9.206737
8.737298
9.791140
10.030648
10.260577
9.743237
8.612754
8.842683
8.191217
7.884645
9.139674
9.599532
9.810300
9.906103
9.446246
9.360023
10.844980
10.653373
9.283380
9.542049
9.273799
9.791140
10.921623
10.433024
9.944425
8.833102
7.415207
7.271502
8.603173
9.599532
8.411566
8.239119
8.670236
7.980449
7.788842
8.842683
9.082191
8.938486
10.270158
10.375542
9.283380
9.666595
9.973166
8.842683
8.315762
8.833102
9.072611
8.938486
9.120513
9.455826
9.235477
9.130094
9.465406
9.369603
8.938486
9.120513
9.589952
9.810300
9.522889
10.030648
9.762398
9.254639
10.040229
8.871424
6.552974
6.102696
7.290662
8.354083
8.344503
8.210378
8.526530
9.436666
9.992327
9.609112
10.078550
10.672533
10.183934
9.829460
10.682114
10.701274
9.053451
9.934845
11.620990
11.007846
10.346801
9.139674
8.076253
7.827163
8.986388
9.522889
8.631914
8.344503
9.225897
10.145613
9.427085
8.842683
8.957647
8.746879
10.174354
11.735954
10.931203
10.183934
10.212675
9.206737
8.104994
8.986388
9.657014
9.455826
9.743237
9.752818
9.245058
8.881004
9.101353
9.072611
8.804361
9.187575
9.618692
10.461765
10.471346
10.854560
10.777917
9.982746
10.126452
9.417504
9.474987
9.245058
8.756459
9.292960
8.651075
7.338564
8.507369
10.068970
9.771978
9.771978
10.145613
9.810300
9.407925
8.833102
8.948067
9.637854
9.695335
9.609112
9.177996
8.603173
9.724076
9.235477
6.457170
6.438009
7.702618
8.296601
8.315762
8.967227
9.388763
8.957647
9.388763
10.222256
9.848621
8.909745
9.867782
10.193515
9.197156
9.120513
9.082191
9.187575
9.369603
8.564852
8.057092
8.708557
9.149254
9.091772
8.948067
9.120513
9.455826
9.369603
9.072611
9.312120
9.810300
10.547989
10.375542
10.298899
10.643792
10.423444
10.452185
10.337220
9.522889
8.756459
8.277440
8.057092
7.817583
7.712199
8.047512
7.942128
8.277440
8.306182
9.340861
10.452185
9.954005
9.848621
11.199453
11.956303
10.912043
10.298899
9.886943
8.928905
9.120513
8.708557
6.591295
5.997312
7.367305
8.775620
9.043870
9.427085
9.609112
9.561211
9.034289
8.785200
9.177996
9.743237
10.011488
9.110932
8.698977
9.139674
8.066672
6.179339
6.303884
7.511011
8.459468
9.158834
9.733657
9.618692
9.063031
8.794781
9.053451
9.177996
8.986388
9.139674
9.599532
10.318060
10.270158
10.385122
10.308479
10.021068
9.877362
9.436666
9.992327
9.867782
8.919326
9.369603
9.570790
8.909745
8.603173
8.076253
8.852262
9.206737
7.721779
7.290662
8.727718
9.024710
8.536111
9.312120
10.825819
10.892881
9.781559
9.896523
9.819880
9.149254
8.459468
8.267860
9.570790
9.800719
9.273799
10.423444
10.327640
10.145613
10.193515
9.580371
10.059389
9.771978
8.871424
8.842683
9.331282
9.177996
8.344503
7.961288
8.287021
8.689397
8.756459
8.785200
9.177996
9.360023
9.197156
9.503728
9.762398
9.513309
9.139674
9.091772
9.455826
10.385122
10.174354
10.212675
10.356381
9.532469
9.015129
9.542049
11.055748
10.490506
8.574432
8.698977
8.507369
7.779261
8.584012
9.340861
9.819880
9.532469
9.781559
10.270158
10.250997
9.484568
9.886943
10.959945
10.959945
10.576730
9.379183
8.564852
8.306182
8.315762
7.434368
8.172056
9.024710
8.651075
9.245058
9.771978
10.145613
10.576730
9.886943
8.421146
8.631914
9.618692
10.452185
10.212675
8.957647
8.881004
8.459468
6.993671
6.303884
7.003251
7.961288
8.536111
9.321701
9.427085
9.101353
9.072611
9.063031
8.928905
8.861843
9.091772
9.446246
10.116872
9.800719
10.164774
10.452185
10.078550
10.413863
10.318060
10.270158
9.743237
9.245058
8.382825
7.204439
8.057092
9.982746
10.116872
9.292960
9.417504
10.107291
9.666595
10.222256
10.739595
10.346801
10.413863
10.318060
10.145613
9.427085
8.334923
8.076253
7.827163
6.821224
7.242761
8.584012
9.216317
9.130094
9.848621
10.049809
9.388763
9.331282
10.203095
10.222256
8.957647
9.264218
9.398344
8.823522
8.948067
9.130094
9.465406
9.120513
8.191217
8.143315
8.497789
8.919326
9.110932
8.948067
8.881004
9.091772
9.321701
9.043870
8.794781
9.187575
9.494147
9.254639
10.672533
11.841338
10.864141
10.777917
10.739595
10.854560
11.410222
10.155193
9.312120
9.427085
8.334923
7.693038
8.794781
9.063031
8.037931
7.942128
8.660655
10.136032
10.576730
10.270158
11.141972
10.787498
8.833102
8.057092
8.842683
9.206737
8.612754
8.718138
8.382825
7.721779
8.047512
8.574432
8.066672
8.334923
10.749176
10.988686
9.819880
9.407925
8.449887
7.875065
7.740940
8.181637
8.516950
7.530171
7.702618
8.794781
8.545691
8.181637
8.258280
8.555271
8.813941
8.804361
9.321701
9.676175
9.465406
9.120513
9.206737
9.503728
9.896523
9.561211
9.925264
9.839041
9.800719
10.413863
9.427085
9.733657
9.867782
9.427085
8.976808
8.124155
7.214019
6.926608
8.047512
8.957647
9.005548
10.423444
11.726374
10.806659
9.225897
8.497789
9.168415
9.235477
8.881004
8.967227
9.896523
10.212675
9.082191
9.954005
10.615051
9.906103
10.078550
9.781559
9.130094
9.465406
10.394703
10.183934
9.455826
9.494147
9.886943
9.570790
8.775620
7.903806
8.258280
8.928905
8.612754
8.210378
8.018770
8.315762
8.325342
8.708557
9.149254
9.216317
9.637854
9.954005
9.589952
9.043870
9.302540
9.676175
9.848621
9.417504
10.365961
11.314418
10.864141
10.404283
10.567149
11.793437
11.218615
9.542049
9.532469
9.015129
7.127796
7.137376
8.919326
9.867782
9.427085
9.982746
11.266517
11.228195
10.442604
10.203095
9.973166
9.599532
9.561211
9.666595
9.082191
8.047512
7.942128
7.894226
7.750520
8.823522
9.704916
9.609112
10.701274
10.959945
10.193515
10.471346
10.730016
11.103650
10.768337
8.708557
7.865485
8.881004
9.350442
8.555271
7.549332
7.712199
8.047512
8.200797
8.651075
8.861843
8.967227
9.005548
9.158834
9.225897
9.005548
8.900165
9.235477
9.771978
10.528828
10.883302
11.046167
11.630570
11.391061
10.270158
8.727718
9.024710
9.292960
9.158834
9.733657
8.861843
8.574432
9.206737
9.245058
8.890584
9.101353
10.337220
10.538408
10.634212
10.547989
9.235477
9.771978
10.404283
9.676175
8.574432
7.932547
8.401985
8.488209
9.292960
9.666595
9.206737
10.519247
10.749176
9.714497
9.360023
9.072611
9.944425
10.231836
9.589952
9.168415
8.852262
9.848621
9.417504
8.066672
8.210378
9.417504
11.381481
11.410222
10.021068
9.628273
9.695335
9.474987
9.120513
9.082191
9.321701
9.551630
9.283380
8.900165
9.235477
10.279738
10.509667
9.982746
9.733657
9.877362
10.193515
9.704916
9.101353
8.306182
7.808002
7.578074
7.721779
9.072611
9.312120
8.909745
9.618692
10.078550
9.273799
8.890584
10.365961
10.547989
9.369603
10.346801
11.429382
11.046167
9.848621
9.168415
9.225897
8.239119
7.520591
8.459468
8.900165
8.469048
8.267860
9.187575
10.001907
9.494147
9.637854
9.829460
9.034289
8.536111
8.430726
8.373244
8.612754
7.951708
7.645136
8.267860
8.430726
8.248699
8.162477
8.507369
9.177996
9.360023
8.938486
8.995968
9.532469
9.532469
9.149254
9.216317
9.637854
10.461765
10.471346
10.471346
10.471346
10.346801
10.289318
10.136032
10.193515
9.580371
8.277440
7.415207
7.520591
7.194859
6.907447
7.415207
8.411566
9.005548
8.143315
7.865485
9.637854
9.829460
8.909745
10.126452
11.074909
10.500087
9.724076
8.593593
8.076253
7.961288
8.287021
8.938486
8.871424
9.091772
9.829460
9.791140
10.155193
10.959945
10.835400
9.618692
8.679816
9.388763
9.839041
9.417504
9.225897
10.021068
10.519247
9.858202
9.551630
9.532469
9.273799
9.158834
9.484568
9.503728
9.139674
9.340861
9.819880
9.666595
9.082191
9.063031
9.177996
9.867782
10.193515
10.471346
10.097711
9.791140
9.896523
8.679816
9.005548
9.542049
8.641495
6.945769
7.175698
9.197156
9.369603
9.063031
9.436666
9.858202
9.934845
9.465406
9.369603
9.829460
9.791140
8.507369
7.137376
8.152896
9.398344
8.191217
7.127796
7.137376
8.536111
9.695335
8.584012
9.091772
10.844980
11.534766
11.352739
9.733657
9.369603
9.963586
10.480926
10.346801
8.631914
8.219958
9.034289
8.909745
8.603173
8.584012
9.724076
11.266517
10.844980
10.136032
9.934845
9.465406
9.120513
8.957647
9.130094
9.206737
8.995968
8.900165
8.852262
9.465406
9.494147
9.886943
10.203095
10.222256
10.864141
9.896523
7.913386
6.993671
8.603173
9.982746
9.350442
9.446246
10.250997
10.500087
10.480926
10.097711
9.915684
9.455826
10.001907
10.250997
9.474987
9.628273
9.819880
8.775620
7.261921
8.469048
9.034289
8.018770
9.455826
11.017426
9.714497
8.852262
9.082191
8.296601
7.683457
8.794781
9.695335
9.474987
9.752818
9.503728
8.746879
8.143315
9.015129
9.283380
7.884645
8.382825
9.886943
9.695335
8.967227
8.881004
8.976808
9.015129
8.909745
9.110932
9.455826
9.360023
9.072611
9.312120
9.551630
9.791140
9.647433
9.963586
10.615051
10.030648
9.628273
9.570790
8.277440
7.549332
8.727718
9.024710
8.651075
9.245058
9.522889
9.906103
10.969524
11.850919
11.371901
9.494147
9.896523
10.461765
10.088131
10.423444
9.685755
7.942128
7.396046
8.401985
8.363664
7.070314
7.491850
7.683457
6.888287
7.405627
8.277440
8.679816
9.254639
10.289318
10.385122
10.174354
9.954005
9.724076
10.509667
11.381481
10.136032
8.277440
7.415207
6.888287
6.763742
7.348145
7.999610
8.689397
9.513309
9.522889
9.149254
9.091772
9.072611
8.928905
8.995968
9.407925
9.848621
10.059389
9.388763
9.714497
10.758757
10.988686
10.461765
10.720435
10.595890
9.264218
9.024710
9.292960
8.526530
8.938486
10.136032
9.551630
9.024710
8.401985
8.239119
8.162477
9.522889
10.030648
8.737298
8.900165
9.609112
10.835400
10.519247
8.593593
8.449887
8.516950
7.654716
7.635556
8.516950
9.436666
10.116872
10.567149
10.260577
10.634212
10.413863
10.318060
11.036588
11.247355
10.452185
9.446246
9.609112
8.545691
6.648777
7.290662
9.379183
9.206737
8.488209
9.043870
9.676175
9.599532
9.177996
9.235477
9.637854
9.580371
9.168415
8.976808
8.890584
8.976808
8.631914
9.743237
10.011488
9.618692
10.203095
10.605471
10.787498
9.858202
8.536111
8.047512
8.449887
8.766040
9.168415
8.976808
8.756459
8.401985
9.254639
11.055748
11.256936
10.327640
9.388763
9.082191
8.938486
8.363664
7.328984
7.990029
9.063031
8.545691
8.813941
9.570790
9.925264
9.580371
9.034289
9.302540
9.417504
9.474987
9.369603
9.197156
8.478628
8.909745
10.509667
10.107291
9.292960
9.158834
8.469048
7.760100
8.066672
9.225897
9.762398
9.254639
9.273799
9.273799
9.034289
9.168415
9.225897
9.005548
9.034289
9.292960
9.542049
9.149254
8.200797
8.909745
8.976808
8.756459
9.551630
9.791140
10.030648
9.628273
9.063031
8.670236
7.214019
6.917028
8.430726
9.264218
9.273799
8.641495
8.861843
9.599532
10.442604
10.327640
10.155193
10.203095
10.222256
9.216317
7.855904
8.746879
9.034289
7.894226
8.631914
9.992327
9.235477
9.130094
9.216317
9.503728
10.145613
10.576730
9.752818
8.612754
8.976808
9.906103
10.720435
9.829460
8.526530
8.172056
7.750520
7.673877
8.919326
9.369603
8.948067
9.254639
9.522889
9.273799
9.024710
9.292960
9.800719
9.781559
9.513309
9.398344
9.465406
9.752818
9.245058
9.522889
10.155193
9.944425
10.356381
9.149254
6.552974
6.102696
7.922967
8.775620
7.779261
7.568493
7.970869
8.296601
8.698977
8.631914
8.976808
9.139674
8.066672
7.702618
8.679816
8.871424
9.091772
9.580371
8.919326
8.478628
8.785200
8.411566
7.855904
8.488209
9.427085
8.967227
8.124155
8.612754
8.976808
9.139674
9.982746
10.116872
9.800719
9.139674
9.474987
9.877362
9.053451
8.919326
8.612754
7.827163
8.737298
9.915684
9.570790
9.292960
9.292960
9.158834
9.101353
8.948067
8.871424
8.967227
9.015129
9.034289
8.919326
9.245058
9.015129
9.417504
9.982746
9.867782
9.810300
9.657014
9.455826
8.219958
7.635556
8.382825
8.354083
7.836743
8.478628
9.283380
9.666595
9.589952
10.442604
10.969524
10.068970
9.906103
11.103650
11.400641
9.254639
9.149254
9.350442
8.928905
9.379183
9.455826
9.235477
8.756459
9.417504
10.107291
9.666595
10.356381
11.304838
10.480926
9.589952
9.177996
9.360023
9.446246
8.976808
9.015129
9.915684
9.963586
9.216317
9.254639
8.382825
7.587654
8.114574
8.861843
9.599532
9.685755
9.340861
8.804361
8.928905
9.503728
9.771978
10.021068
9.752818
9.762398
10.011488
10.126452
9.168415
9.225897
10.145613
9.944425
10.480926
10.222256
9.082191
8.555271
7.415207
7.654716
9.034289
8.401985
8.363664
8.852262
9.465406
10.001907
9.494147
9.513309
11.170712
11.822178
10.586310
11.036588
10.988686
8.679816
7.855904
7.990029
6.897867
7.031992
8.612754
9.225897
8.871424
9.599532
10.318060
9.637854
9.187575
10.136032
10.567149
10.519247
11.132391
10.528828
8.842683
8.440307
7.740940
7.290662
7.970869
8.421146
8.881004
8.842683
8.823522
9.072611
9.187575
9.369603
9.704916
9.733657
9.494147
9.513309
9.906103
10.461765
9.829460
10.049809
9.771978
8.871424
9.733657
8.603173
6.677518
6.543393
8.133735
9.264218
9.015129
8.909745
8.986388
8.890584
8.469048
9.034289
9.800719
9.273799
8.516950
7.913386
9.407925
10.356381
9.657014
10.605471
11.046167
10.097711
8.900165
8.603173
8.459468
8.641495
10.260577
10.624632
9.781559
9.896523
9.829460
8.516950
7.903806
9.407925
9.848621
8.919326
9.752818
9.877362
8.794781
8.296601
7.673877
7.645136
8.775620
8.919326
8.612754
9.225897
9.637854
9.446246
9.110932
9.206737
9.628273
9.819880
9.791140
9.906103
9.704916
9.350442
9.063031
9.819880
9.791140
9.398344
10.097711
9.407925
7.185278
6.141018
7.434368
8.162477
7.999610
8.813941
9.197156
8.478628
9.034289
9.934845
10.471346
10.088131
10.423444
10.576730
9.886943
10.327640
10.279738
9.360023
8.813941
9.063031
9.187575
8.852262
9.589952
10.835400
10.136032
9.810300
9.781559
9.647433
9.321701
9.944425
10.605471
9.771978
10.145613
9.312120
7.003251
6.955349
8.708557
9.532469
8.382825
7.721779
7.539752
8.469048
9.666595
9.589952
9.934845
10.097711
9.657014
9.331282
9.551630
9.283380
8.900165
8.976808
9.398344
9.848621
9.925264
9.829460
9.666595
9.973166
9.992327
10.250997
10.624632
9.398344
8.574432
9.082191
9.695335
8.584012
7.817583
9.618692
10.710855
9.819880
10.547989
11.659311
11.027007
10.222256
10.739595
11.113231
9.503728
9.637854
9.829460
8.775620
8.670236
7.980449
6.639197
7.031992
8.871424
9.609112
9.312120
10.318060
10.528828
9.484568
9.120513
9.848621
10.691694
10.318060
10.653373
10.423444
8.794781
8.037931
7.309823
7.472689
8.948067
9.130094
8.957647
9.254639
9.398344
9.216317
8.995968
8.900165
9.101353
9.072611
8.804361
8.804361
9.187575
10.260577
10.375542
10.433024
9.810300
9.273799
9.666595
9.455826
9.369603
8.938486
8.746879
9.283380
8.651075
6.830804
6.485911
8.488209
9.551630
8.900165
9.743237
11.027007
10.471346
9.331282
9.177996
9.235477
9.264218
9.532469
8.890584
7.836743
7.970869
8.287021
8.823522
9.580371
9.551630
9.407925
9.589952
8.919326
8.229539
9.427085
10.241417
9.225897
9.130094
9.973166
9.867782
8.536111
8.047512
9.340861
9.053451
7.903806
9.149254
10.749176
10.471346
9.963586
10.107291
9.800719
9.273799
9.273799
9.532469
9.657014
9.455826
9.494147
9.637854
9.963586
9.599532
9.944425
10.231836
9.848621
10.567149
10.902462
10.049809
8.881004
8.584012
8.574432
7.683457
7.903806
9.915684
10.212675
9.848621
9.800719
9.781559
9.264218
9.532469
10.413863
10.701274
10.452185
10.720435
10.710855
9.187575
8.852262
9.082191
8.430726
9.139674
9.599532
9.177996
9.494147
9.896523
9.695335
9.982746
11.649731
11.783856
10.193515
8.564852
8.698977
9.139674
9.216317
9.628273
9.695335
9.101353
9.455826
10.634212
10.040229
9.130094
9.216317
9.628273
9.829460
9.532469
9.398344
9.724076
9.618692
9.053451
8.536111
8.679816
9.254639
9.015129
10.049809
11.036588
10.605471
10.538408
10.758757
9.714497
8.334923
8.459468
8.516950
8.162477
8.766040
9.810300
9.015129
8.651075
8.986388
9.522889
9.647433
9.963586
9.724076
8.603173
8.459468
8.516950
7.788842
6.677518
7.817583
8.986388
8.258280
8.421146
9.005548
8.900165
9.360023
9.695335
9.101353
9.206737
10.270158
10.509667
11.132391
11.161132
10.413863
11.467704
11.956303
10.777917
10.241417
9.216317
8.239119
8.411566
8.497789
8.660655
8.995968
9.024710
8.909745
8.861843
9.216317
9.628273
9.446246
9.235477
9.388763
9.589952
9.551630
9.158834
10.116872
11.065329
10.375542
10.682114
10.701274
8.919326
8.219958
9.043870
9.043870
8.287021
9.197156
9.877362
9.053451
9.043870
10.059389
9.647433
8.564852
9.839041
10.567149
10.136032
10.442604
9.570790
7.386466
6.744581
7.970869
8.670236
7.980449
8.172056
9.273799
9.407925
9.474987
10.519247
10.365961
9.657014
10.988686
11.352739
10.624632
10.547989
10.126452
8.660655
7.846324
8.612754
8.459468
7.118216
7.386466
8.267860
8.172056
8.382825
8.861843
9.474987
9.628273
9.446246
9.110932
9.197156
9.369603
9.072611
9.312120
9.168415
8.727718
8.641495
9.618692
10.078550
9.657014
9.455826
9.867782
10.193515
8.948067
8.746879
9.292960
8.785200
7.654716
6.744581
8.095413
9.235477
8.373244
8.478628
9.666595
10.222256
9.082191
8.679816
9.130094
9.465406
9.877362
8.794781
7.271502
7.328984
7.990029
9.312120
10.193515
9.580371
9.934845
9.455826
8.095413
8.344503
9.867782
10.442604
9.321701
9.934845
10.854560
10.394703
9.676175
8.325342
8.967227
10.538408
10.126452
9.542049
9.407925
9.091772
9.321701
9.427085
8.967227
8.881004
9.350442
9.695335
9.474987
9.120513
9.340861
9.570790
9.676175
9.216317
9.637854
10.088131
10.423444
11.084489
10.758757
9.589952
8.411566
8.497789
9.043870
9.043870
9.676175
10.615051
9.906103
9.570790
10.049809
9.254639
9.015129
10.940784
10.816238
9.235477
9.388763
9.206737
7.214019
6.543393
8.516950
9.685755
8.833102
8.564852
8.689397
9.005548
9.158834
9.101353
9.829460
10.682114
10.825819
10.509667
10.356381
9.781559
9.513309
10.787498
11.889240
11.649731
10.509667
8.967227
8.248699
9.053451
9.302540
8.660655
8.737298
9.158834
9.609112
9.436666
9.225897
9.264218
9.398344
9.340861
9.053451
8.794781
8.804361
8.928905
10.260577
11.391061
10.902462
10.547989
10.385122
10.433024
9.944425
8.957647
9.264218
9.273799
8.267860
8.555271
9.963586
10.490506
9.839041
9.417504
8.967227
9.647433
9.455826
8.593593
9.340861
8.804361
8.928905
10.011488
10.001907
9.235477
8.622334
8.727718
8.641495
8.986388
8.890584
9.360023
9.695335
9.350442
10.337220
10.030648
9.637854
10.595890
10.404283
9.551630
9.666595
9.714497
9.484568
8.612754
8.593593
9.474987
8.478628
7.894226
8.766040
9.292960
9.292960
9.158834
9.101353
9.455826
9.743237
9.503728
9.130094
8.708557
8.890584
8.718138
9.915684
10.720435
9.695335
9.858202
10.193515
9.829460
8.651075
8.354083
9.360023
9.570790
9.542049
10.164774
10.203095
9.580371
8.785200
8.794781
9.695335
10.241417
10.241417
10.365961
10.806659
10.375542
10.557569
11.151552
10.538408
9.867782
8.670236
8.239119
8.536111
8.430726
8.248699
8.421146
8.622334
9.360023
10.337220
10.404283
10.567149
10.653373
10.049809
10.279738
10.385122
9.158834
8.334923
7.827163
7.846324
8.871424
9.474987
9.245058
9.015129
8.909745
8.852262
8.957647
9.388763
9.714497
9.484568
9.130094
9.206737
9.254639
9.657014
9.465406
10.001907
10.385122
9.666595
10.231836
9.599532
7.903806
7.242761
7.827163
9.369603
9.580371
9.168415
9.225897
9.130094
8.698977
9.398344
10.480926
9.839041
8.909745
7.712199
8.421146
10.155193
10.327640
10.528828
10.116872
8.909745
8.095413
7.204439
7.166118
8.421146
9.139674
8.833102
8.689397
9.005548
8.900165
9.867782
10.950364
10.701274
10.576730
10.653373
10.308479
10.270158
9.877362
8.670236
8.995968
9.407925
9.091772
9.446246
9.618692
9.436666
9.484568
9.503728
9.254639
9.139674
9.216317
9.005548
8.766040
8.909745
9.110932
8.948067
8.497789
9.302540
9.800719
10.164774
11.218615
10.567149
9.245058
8.373244
8.603173
8.708557
7.740940
8.315762
10.107291
10.423444
10.327640
10.404283
10.183934
10.969524
11.601830
10.749176
10.595890
10.787498
10.241417
10.490506
10.480926
9.839041
9.791140
8.881004
7.827163
8.478628
10.308479
10.270158
9.877362
10.193515
9.580371
9.810300
11.180293
11.438963
11.180293
11.314418
10.605471
10.155193
10.452185
9.704916
8.459468
8.133735
7.472689
7.673877
8.536111
8.804361
8.804361
8.928905
9.120513
8.957647
9.130094
9.465406
9.369603
9.321701
9.685755
9.465406
8.986388
9.781559
9.896523
9.695335
10.749176
9.839041
7.376885
6.744581
7.463109
8.181637
8.258280
8.296601
8.315762
9.091772
9.446246
8.344503
8.593593
8.449887
8.009191
8.057092
9.225897
10.528828
9.733657
9.877362
10.068970
9.771978
10.279738
10.250997
9.350442
9.063031
10.203095
10.222256
8.449887
7.999610
8.555271
8.181637
8.009191
9.321701
10.442604
10.203095
10.854560
10.777917
10.615051
10.912043
9.666595
9.206737
9.886943
9.685755
9.091772
8.938486
9.120513
9.206737
8.995968
9.149254
9.474987
9.369603
9.072611
8.938486
9.245058
9.771978
9.513309
10.279738
10.509667
10.615051
11.180293
10.164774
9.312120
9.043870
9.302540
9.034289
8.401985
8.871424
9.599532
8.919326
8.737298
9.407925
9.589952
10.442604
11.352739
10.500087
9.465406
10.260577
9.484568
7.089475
6.993671
8.727718
8.900165
7.702618
8.162477
7.875065
7.357725
8.133735
9.513309
10.404283
10.691694
11.592249
11.371901
10.643792
10.806659
10.375542
8.775620
8.287021
8.948067
8.612754
6.936189
6.917028
8.813941
9.704916
9.484568
9.379183
9.455826
9.235477
8.881004
8.967227
9.513309
9.388763
8.957647
8.881004
9.225897
9.637854
8.938486
9.628273
9.829460
9.407925
10.231836
10.231836
9.091772
7.798422
8.469048
9.407925
8.957647
8.881004
9.609112
9.685755
9.858202
9.427085
8.584012
8.325342
9.724076
10.634212
10.423444
10.576730
9.886943
7.788842
6.552974
7.750520
7.683457
7.396046
9.043870
9.427085
8.842683
9.082191
9.187575
8.986388
9.398344
10.988686
11.352739
10.500087
10.231836
9.599532
8.028351
7.424788
9.053451
9.177996
7.836743
8.861843
9.724076
8.976808
8.631914
8.986388
9.273799
9.149254
8.967227
8.881004
9.101353
9.197156
8.995968
9.273799
9.532469
9.657014
9.714497
10.883302
11.046167
10.615051
10.787498
9.982746
9.225897
8.114574
8.354083
8.852262
8.315762
9.340861
10.078550
9.149254
8.459468
8.392405
8.612754
8.842683
8.315762
7.558913
8.861843
10.356381
9.915684
10.337220
10.672533
9.542049
8.382825
8.478628
9.168415
9.360023
8.679816
7.606814
8.248699
9.053451
9.427085
10.500087
9.982746
8.718138
8.766040
9.168415
9.609112
9.944425
10.231836
9.848621
8.785200
7.779261
8.076253
9.101353
9.331282
9.053451
9.053451
9.053451
8.919326
9.110932
9.455826
9.360023
9.072611
8.928905
8.871424
9.216317
9.254639
10.155193
10.452185
9.954005
10.365961
9.532469
7.750520
6.533813
7.875065
9.637854
9.580371
9.292960
9.034289
9.292960
9.542049
9.398344
9.206737
9.379183
9.197156
8.354083
9.360023
9.829460
9.542049
10.413863
10.825819
10.385122
10.557569
10.001907
8.219958
7.137376
8.028351
9.072611
8.679816
8.871424
8.957647
8.622334
8.334923
8.718138
8.641495
8.219958
9.177996
9.484568
9.503728
9.513309
8.631914
8.593593
8.967227
7.482270
6.792483
8.248699
8.928905
8.861843
8.708557
8.631914
8.976808
9.522889
9.522889
9.149254
9.216317
9.637854
9.197156
9.752818
10.270158
9.360023
9.446246
9.235477
8.239119
7.654716
8.401985
8.871424
7.951708
8.536111
9.695335
9.216317
9.254639
9.398344
8.698977
8.248699
9.695335
10.241417
9.350442
9.436666
9.101353
8.948067
8.995968
9.407925
9.848621
9.417504
9.340861
9.436666
8.727718
8.516950
8.928905
8.737298
8.775620
10.059389
10.662952
10.049809
9.896523
9.321701
7.903806
7.242761
7.951708
8.526530
7.664297
7.386466
8.401985
8.104994
7.712199
8.306182
8.574432
8.957647
8.995968
8.900165
8.976808
8.890584
8.976808
9.398344
9.465406
10.001907
9.877362
10.193515
9.963586
9.091772
9.829460
10.174354
9.063031
7.779261
8.200797
8.018770
7.424788
8.028351
8.440307
8.766040
9.043870
8.785200
9.312120
9.676175
10.490506
10.097711
8.900165
9.360023
9.187575
8.986388
9.522889
9.532469
9.273799
8.641495
8.229539
7.396046
8.277440
9.829460
9.158834
9.091772
9.197156
9.369603
9.704916
9.609112
9.312120
9.551630
10.682114
10.442604
9.695335
9.982746
9.360023
8.938486
8.861843
7.434368
7.022412
8.354083
9.360023
9.695335
9.350442
9.312120
9.427085
9.101353
8.948067
9.120513
9.455826
9.618692
9.063031
9.819880
11.189874
11.573088
10.988686
10.452185
10.078550
9.015129
8.775620
9.436666
8.718138
9.024710
10.816238
10.250997
9.867782
10.193515
10.346801
10.155193
11.094069
11.649731
11.141972
11.553927
10.212675
8.191217
8.392405
9.379183
9.580371
9.168415
8.976808
8.507369
9.177996
9.867782
8.660655
8.995968
9.273799
8.133735
8.239119
9.427085
9.992327
9.858202
10.691694
10.701274
9.436666
9.101353
8.564852
8.564852
9.714497
9.235477
8.756459
9.417504
9.724076
9.484568
8.995968
9.149254
9.225897
9.130094
9.091772
8.938486
9.254639
9.781559
9.513309
9.896523
9.695335
9.350442
10.203095
9.839041
8.392405
7.214019
8.315762
8.967227
7.990029
8.813941
9.695335
9.733657
10.385122
10.682114
9.177996
8.469048
10.049809
10.528828
10.250997
9.858202
9.043870
9.676175
10.480926
9.839041
9.542049
9.283380
8.641495
7.970869
8.162477
8.507369
8.411566
9.130094
9.216317
8.737298
9.407925
10.864141
11.161132
10.030648
8.995968
8.382825
9.245058
9.647433
8.315762
8.574432
8.698977
9.015129
9.791140
9.398344
9.465406
9.628273
9.187575
8.861843
9.216317
9.379183
9.082191
9.187575
9.618692
10.078550
9.647433
10.212675
10.480926
9.973166
11.007846
10.854560
10.145613
10.452185
10.212675
9.973166
9.350442
8.421146
7.865485
8.373244
9.110932
9.072611
9.570790
10.433024
10.327640
9.513309
10.155193
10.835400
10.260577
10.375542
10.816238
10.509667
9.724076
8.210378
7.635556
7.242761
8.334923
9.733657
9.618692
9.570790
9.034289
8.909745
10.260577
11.266517
10.710855
10.203095
9.963586
9.599532
9.810300
9.283380
7.625975
7.491850
9.216317
9.886943
9.312120
8.919326
8.727718
9.149254
9.225897
9.130094
9.340861
9.312120
9.043870
8.919326
8.737298
8.775620
8.660655
9.379183
10.088131
9.915684
10.471346
9.580371
8.028351
8.315762
8.574432
8.574432
8.066672
7.827163
8.344503
8.469048
8.651075
8.603173
8.210378
8.018770
7.673877
8.028351
9.714497
10.624632
10.413863
10.193515
9.963586
9.724076
9.494147
8.871424
8.459468
8.516950
8.545691
8.181637
8.382825
8.737298
9.024710
10.049809
9.771978
9.254639
9.657014
9.839041
10.174354
10.337220
9.388763
8.440307
8.890584
8.593593
8.325342
9.848621
10.318060
9.762398
9.762398
9.503728
9.264218
9.149254
9.101353
9.072611
8.928905
8.995968
9.149254
9.474987
9.886943
9.819880
8.900165
9.360023
9.829460
9.542049
9.906103
9.695335
8.334923
7.319404
7.855904
7.980449
8.421146
8.881004
9.350442
9.321701
8.536111
9.187575
10.768337
10.615051
9.398344
9.973166
10.241417
9.733657
9.494147
8.622334
8.593593
8.833102
8.948067
8.881004
8.967227
9.139674
8.200797
9.158834
9.992327
8.976808
8.756459
8.536111
7.922967
7.884645
7.875065
7.731359
7.922967
7.252341
6.936189
8.057092
8.708557
8.766040
8.660655
8.612754
9.101353
9.580371
9.427085
9.350442
9.695335
9.599532
9.053451
9.043870
9.551630
10.049809
9.637854
10.337220
11.046167
10.490506
9.973166
10.107291
10.174354
9.187575
8.727718
8.133735
6.964930
7.060733
8.507369
9.053451
8.919326
9.245058
9.906103
9.954005
9.982746
10.116872
10.557569
10.892881
11.046167
10.107291
8.775620
8.660655
8.737298
7.760100
7.683457
9.934845
10.864141
10.145613
9.053451
9.053451
9.810300
10.164774
9.312120
8.536111
8.679816
9.130094
9.599532
9.302540
9.043870
8.287021
7.166118
8.162477
10.289318
10.136032
9.168415
9.225897
9.513309
9.388763
9.082191
9.187575
9.618692
9.570790
9.158834
9.360023
9.829460
10.049809
9.388763
9.963586
10.107291
9.666595
10.356381
9.398344
7.434368
7.271502
8.344503
8.210378
7.894226
8.124155
8.488209
9.676175
9.599532
8.536111
8.555271
9.321701
10.318060
10.021068
9.379183
8.948067
8.488209
9.043870
9.934845
9.714497
8.469048
7.118216
7.894226
8.641495
8.354083
8.727718
9.024710
9.034289
9.676175
10.615051
10.289318
9.752818
9.886943
9.695335
10.490506
11.755116
11.199453
9.542049
8.133735
8.746879
8.900165
7.961288
8.152896
8.890584
9.484568
9.503728
9.264218
9.024710
9.158834
9.474987
9.369603
9.455826
9.618692
9.570790
9.158834
9.733657
10.385122
10.691694
10.701274
10.327640
11.046167
10.615051
9.139674
9.350442
8.804361
7.022412
6.572134
7.894226
9.398344
8.833102
9.580371
11.458123
11.697633
11.170712
10.547989
9.867782
9.177996
8.976808
8.507369
8.162477
8.631914
9.110932
9.714497
9.992327
9.733657
10.011488
9.752818
8.229539
8.277440
9.580371
9.800719
9.781559
10.155193
9.944425
9.206737
8.229539
8.152896
8.622334
9.101353
9.839041
10.049809
9.637854
9.063031
9.177996
9.484568
9.379183
9.082191
9.063031
9.312120
9.292960
9.168415
9.484568
9.762398
9.637854
9.063031
10.068970
10.662952
10.049809
10.145613
10.068970
9.906103
9.321701
8.919326
9.503728
8.881004
8.967227
10.787498
10.490506
9.848621
10.183934
9.695335
8.708557
9.906103
10.586310
10.021068
10.385122
9.283380
7.501431
7.434368
8.804361
9.321701
8.660655
8.354083
8.219958
7.894226
7.999610
8.430726
8.258280
8.555271
9.963586
9.599532
8.411566
9.388763
10.097711
9.024710
9.292960
9.542049
8.775620
7.779261
7.309823
8.114574
8.612754
8.842683
9.082191
9.312120
9.302540
9.292960
9.417504
9.599532
9.302540
9.034289
9.043870
9.302540
9.676175
9.340861
10.203095
10.730016
9.570790
9.542049
9.657014
8.564852
8.191217
9.149254
9.474987
8.746879
9.158834
9.733657
9.494147
9.513309
9.906103
10.720435
10.327640
9.771978
9.254639
9.149254
9.733657
9.877362
9.934845
9.589952
9.676175
10.107291
9.158834
8.842683
9.206737
8.229539
8.028351
8.191217
8.775620
9.810300
10.040229
9.762398
10.404283
10.825819
9.743237
9.628273
9.570790
8.401985
7.980449
7.913386
7.242761
8.085834
8.976808
8.756459
9.034289
9.292960
9.168415
9.101353
9.455826
9.877362
9.685755
9.216317
9.379183
9.714497
9.484568
8.995968
10.040229
10.145613
10.068970
11.046167
10.490506
10.097711
9.791140
9.264218
9.532469
9.015129
8.009191
8.430726
9.906103
10.337220
9.139674
9.225897
9.762398
9.379183
9.455826
10.643792
11.065329
9.216317
8.995968
9.273799
8.009191
7.549332
8.219958
8.660655
8.488209
8.277440
7.798422
7.194859
7.798422
9.733657
10.260577
9.992327
9.992327
10.116872
9.666595
8.574432
8.449887
9.532469
9.398344
7.942128
8.018770
8.689397
8.622334
8.593593
9.091772
9.446246
9.235477
8.881004
9.091772
9.704916
9.609112
9.177996
9.110932
9.206737
9.628273
9.570790
9.925264
9.963586
9.216317
8.995968
8.516950
8.919326
9.245058
8.373244
8.603173
8.718138
7.750520
7.932547
8.775620
8.794781
8.545691
9.580371
10.433024
9.695335
9.091772
9.704916
10.624632
10.289318
8.995968
8.641495
9.877362
9.819880
8.775620
8.794781
9.187575
8.986388
8.641495
8.478628
8.526530
9.819880
10.040229
8.995968
8.258280
8.555271
9.455826
9.360023
8.813941
8.296601
8.574432
8.440307
8.133735
8.239119
8.162477
8.507369
8.670236
9.130094
9.340861
8.928905
8.861843
9.340861
9.695335
9.474987
9.503728
9.896523
10.586310
10.653373
11.573088
12.004205
11.448544
11.563508
10.471346
8.440307
7.242761
8.085834
8.727718
7.875065
8.114574
9.120513
9.082191
9.063031
10.078550
9.781559
9.513309
11.046167
11.247355
10.576730
10.270158
9.609112
10.327640
11.419803
10.662952
9.925264
9.963586
9.474987
9.120513
9.848621
9.542049
8.133735
6.964930
6.802063
8.641495
10.385122
10.298899
10.643792
11.946723
11.410222
10.145613
10.835400
10.001907
7.836743
6.830804
6.102696
7.798422
9.609112
9.561211
9.791140
9.522889
9.149254
9.216317
9.503728
9.513309
9.264218
9.407925
9.474987
9.369603
9.321701
9.934845
10.605471
10.538408
10.758757
10.605471
9.130094
9.082191
9.829460
9.149254
8.708557
8.641495
8.354083
8.210378
8.401985
9.130094
9.465406
9.494147
11.036588
10.739595
9.331282
10.327640
10.279738
8.861843
8.833102
9.321701
9.302540
8.660655
8.871424
9.350442
9.063031
8.545691
8.172056
8.009191
8.813941
9.954005
9.465406
9.245058
9.264218
8.641495
9.494147
11.036588
10.739595
10.854560
10.394703
8.536111
8.813941
9.446246
9.110932
8.948067
9.130094
9.206737
8.995968
9.283380
9.791140
9.647433
9.206737
9.245058
9.647433
9.829460
9.283380
10.174354
10.844980
10.270158
10.250997
10.107291
9.666595
8.948067
8.871424
8.708557
7.491850
7.558913
8.861843
9.082191
9.321701
9.810300
10.413863
10.701274
10.710855
9.695335
9.225897
9.513309
8.881004
7.827163
7.204439
8.564852
9.963586
9.474987
9.379183
9.963586
9.724076
9.494147
10.270158
10.001907
9.235477
10.787498
11.640151
11.017426
10.471346
9.580371
8.143315
8.114574
9.120513
9.082191
8.037931
7.683457
8.028351
8.957647
9.886943
9.561211
9.542049
9.532469
9.149254
9.225897
9.503728
9.388763
9.082191
9.187575
9.494147
9.886943
9.187575
9.618692
10.203095
9.206737
9.379183
9.072611
7.031992
6.457170
7.836743
8.354083
7.328984
6.332625
6.380527
8.306182
9.848621
9.292960
9.676175
10.097711
9.791140
10.030648
10.528828
10.758757
10.864141
10.021068
9.494147
10.279738
10.385122
9.925264
9.580371
8.660655
8.363664
8.976808
9.388763
8.957647
9.005548
9.791140
9.522889
10.662952
11.707213
10.921623
10.940784
10.433024
8.545691
7.664297
8.401985
8.737298
7.884645
8.497789
9.427085
9.216317
9.379183
9.331282
9.177996
9.360023
9.446246
9.360023
9.321701
9.053451
9.177996
8.852262
8.325342
9.848621
10.433024
10.203095
10.605471
9.254639
9.273799
10.806659
10.500087
9.724076
9.360023
8.296601
7.424788
7.530171
7.319404
6.581715
7.386466
8.401985
8.114574
7.214019
8.449887
10.547989
10.126452
9.934845
10.222256
9.465406
8.727718
8.641495
8.727718
9.149254
9.858202
9.427085
8.210378
7.760100
7.808002
9.360023
10.078550
9.398344
9.848621
10.049809
10.145613
9.561211
9.666595
9.839041
8.401985
8.363664
8.852262
8.440307
8.382825
8.995968
9.657014
9.714497
9.225897
9.005548
9.407925
9.474987
9.120513
9.206737
9.245058
9.264218
9.149254
10.231836
11.381481
10.768337
11.247355
10.576730
8.239119
7.396046
8.018770
9.072611
9.063031
8.670236
8.488209
9.292960
9.925264
9.455826
8.861843
8.584012
8.698977
7.999610
8.813941
9.954005
9.340861
9.570790
9.417504
8.459468
7.625975
6.859546
7.137376
8.785200
9.302540
8.526530
8.928905
8.737298
8.018770
9.704916
11.256936
10.969524
10.959945
10.576730
9.503728
8.497789
9.427085
10.375542
8.900165
8.334923
8.459468
6.869126
6.505072
7.990029
8.679816
8.746879
8.651075
8.861843
9.465406
9.503728
9.130094
9.216317
9.628273
8.938486
8.104994
10.136032
10.567149
9.628273
10.586310
10.270158
8.085834
7.204439
8.440307
8.258280
7.146957
8.162477
9.647433
9.072611
8.296601
8.689397
9.005548
9.542049
10.931203
11.074909
10.883302
10.021068
8.363664
9.618692
11.094069
10.001907
9.494147
9.254639
8.124155
8.363664
10.509667
10.490506
8.823522
8.306182
7.942128
9.034289
10.442604
10.844980
10.653373
9.915684
10.088131
10.040229
8.871424
8.459468
8.267860
7.798422
8.469048
9.024710
8.785200
8.928905
9.369603
9.704916
9.350442
9.321701
9.676175
9.465406
9.120513
9.340861
9.819880
9.657014
8.564852
9.206737
9.503728
9.005548
9.915684
9.321701
7.520591
7.443948
8.555271
8.948067
8.871424
8.708557
8.631914
8.219958
7.645136
7.252341
7.319404
8.497789
9.685755
9.465406
8.986388
9.015129
8.651075
9.752818
11.668892
10.519247
9.350442
8.938486
8.229539
7.520591
8.334923
9.609112
8.411566
8.497789
8.919326
9.752818
10.902462
10.672533
10.950364
11.209034
10.567149
10.509667
10.873721
9.647433
8.689397
8.756459
8.401985
9.254639
10.040229
9.637854
9.187575
8.737298
8.641495
8.727718
9.024710
9.043870
9.168415
9.225897
9.254639
9.139674
8.584012
9.714497
10.758757
10.346801
10.547989
10.001907
10.001907
10.758757
10.356381
9.657014
8.698977
8.373244
9.494147
9.886943
8.679816
9.254639
10.289318
10.136032
10.825819
10.250997
9.350442
9.570790
9.800719
10.413863
10.059389
9.771978
10.912043
10.931203
10.183934
10.337220
9.015129
8.133735
8.622334
8.976808
10.030648
10.404283
9.934845
9.973166
9.992327
10.509667
10.998266
10.461765
10.471346
9.839041
10.308479
11.410222
10.528828
9.609112
9.187575
8.861843
9.082191
9.446246
9.360023
9.321701
9.427085
9.101353
8.938486
9.120513
9.216317
9.379183
8.948067
10.021068
10.768337
9.973166
10.624632
9.781559
9.254639
11.046167
11.122810
10.270158
10.126452
9.676175
9.848621
9.427085
8.210378
8.526530
9.187575
9.245058
10.279738
10.385122
9.417504
9.350442
9.829460
9.666595
8.698977
7.616395
7.875065
9.264218
9.398344
8.833102
8.564852
8.564852
9.072611
8.804361
8.172056
8.382825
7.597234
7.865485
9.254639
9.139674
8.200797
9.034289
10.567149
9.886943
10.078550
11.438963
10.289318
8.095413
7.836743
8.737298
9.407925
9.724076
9.494147
8.995968
8.900165
8.976808
8.890584
9.101353
9.446246
9.110932
9.072611
10.710855
11.094069
10.001907
9.618692
8.679816
9.005548
10.298899
10.260577
9.733657
9.877362
9.695335
9.474987
10.519247
10.365961
10.164774
10.461765
10.337220
11.170712
10.423444
8.794781
9.177996
9.494147
9.379183
9.331282
9.561211
11.189874
11.065329
9.867782
10.068970
10.413863
10.835400
10.519247
9.733657
9.618692
9.695335
9.091772
9.446246
9.743237
8.986388
8.124155
8.746879
10.049809
9.513309
7.731359
7.031992
7.980449
9.187575
9.752818
9.752818
9.886943
9.685755
9.350442
9.446246
9.867782
9.934845
9.455826
8.986388
9.273799
8.775620
8.536111
10.461765
9.963586
8.200797
8.651075
9.369603
10.471346
11.113231
10.643792
10.040229
9.637854
9.331282
8.670236
9.130094
9.589952
8.909745
8.219958
7.769681
9.465406
11.276096
10.844980
10.519247
10.375542
8.651075
8.354083
9.235477
8.497789
8.028351
8.057092
7.434368
8.037931
9.216317
8.622334
7.578074
7.846324
9.120513
9.589952
8.919326
8.861843
10.490506
11.630570
10.758757
9.082191
8.804361
10.586310
10.912043
9.398344
8.191217
7.884645
8.382825
8.612754
8.842683
9.082191
9.312120
9.676175
9.599532
9.302540
9.417504
9.350442
8.555271
8.057092
9.858202
10.318060
9.637854
10.088131
9.522889
8.248699
8.162477
9.273799
9.791140
9.139674
8.708557
9.264218
9.657014
9.589952
9.302540
9.292960
9.158834
9.360023
9.954005
10.739595
10.595890
9.513309
9.388763
9.331282
8.794781
8.545691
8.181637
7.875065
7.233180
5.652419
5.432070
7.999610
10.078550
9.906103
10.088131
10.040229
9.762398
9.637854
9.954005
10.739595
10.979105
9.944425
8.833102
9.704916
9.484568
8.612754
9.101353
9.331282
9.177996
9.235477
9.005548
8.775620
9.177996
9.618692
9.570790
9.417504
9.599532
9.944425
9.963586
9.848621
11.065329
11.381481
10.519247
10.365961
10.289318
10.643792
10.557569
9.494147
8.488209
8.536111
8.813941
9.187575
8.478628
7.261921
8.210378
10.059389
10.279738
10.385122
10.049809
9.388763
10.097711
11.448544
11.438963
10.547989
8.852262
6.917028
7.539752
8.469048
8.143315
7.348145
6.725420
8.095413
8.852262
8.574432
9.465406
9.120513
8.440307
9.532469
10.797078
10.375542
10.298899
10.394703
8.660655
8.737298
9.542049
8.631914
8.603173
9.091772
9.446246
9.743237
9.628273
9.187575
9.369603
9.704916
9.609112
9.312120
9.302540
9.542049
9.657014
8.948067
9.637854
11.486865
11.707213
11.180293
9.915684
9.704916
10.500087
9.589952
9.043870
9.043870
8.670236
9.886943
11.218615
10.433024
8.804361
8.172056
8.133735
9.896523
11.352739
10.250997
9.733657
10.126452
10.183934
10.586310
10.145613
8.287021
7.932547
8.267860
7.922967
7.884645
7.482270
8.440307
10.040229
9.762398
9.503728
9.130094
8.449887
9.657014
10.605471
10.021068
10.136032
10.059389
9.388763
9.973166
9.733657
8.986388
8.890584
8.344503
8.842683
9.331282
9.187575
9.110932
9.455826
9.618692
9.321701
8.919326
9.110932
9.580371
9.168415
8.593593
10.356381
11.563508
10.730016
11.352739
11.266517
8.813941
8.172056
8.890584
8.842683
8.698977
9.388763
9.714497
9.101353
8.698977
7.740940
7.415207
8.670236
9.503728
9.522889
10.538408
11.276096
11.103650
11.276096
11.228195
10.701274
10.452185
10.203095
9.714497
9.867782
11.084489
11.266517
9.695335
8.842683
8.823522
8.689397
9.264218
10.797078
11.391061
10.394703
10.308479
11.027007
10.222256
8.957647
8.756459
8.526530
9.187575
9.867782
9.436666
9.101353
9.197156
9.245058
9.139674
9.474987
9.752818
9.503728
9.005548
9.149254
9.350442
9.570790
9.417504
10.107291
10.049809
9.388763
10.480926
10.346801
8.641495
8.219958
8.660655
8.612754
8.076253
8.469048
9.158834
8.842683
8.948067
9.513309
9.522889
9.388763
10.097711
9.532469
9.273799
10.174354
10.461765
10.595890
10.279738
8.986388
8.516950
8.670236
8.363664
8.727718
10.040229
9.896523
8.296601
7.932547
7.635556
8.900165
10.758757
10.730016
10.720435
10.586310
10.662952
10.950364
11.333579
10.365961
8.900165
8.976808
9.005548
10.174354
10.969524
10.193515
10.088131
9.781559
9.264218
9.024710
9.158834
9.225897
9.005548
8.900165
9.235477
9.771978
9.513309
10.279738
11.017426
10.471346
10.730016
9.570790
7.003251
6.438009
7.951708
8.660655
7.846324
8.239119
9.561211
9.791140
9.647433
9.839041
9.034289
8.526530
10.327640
10.787498
9.982746
10.624632
9.906103
7.922967
7.252341
8.593593
9.340861
8.037931
8.191217
9.925264
10.222256
9.724076
9.235477
9.005548
10.040229
11.161132
11.170712
10.040229
9.254639
9.522889
10.797078
11.391061
10.394703
10.059389
9.388763
8.823522
9.446246
9.494147
9.254639
9.398344
9.340861
9.053451
9.177996
9.235477
9.264218
9.273799
8.900165
8.718138
9.149254
9.216317
8.363664
8.986388
9.139674
8.833102
10.088131
9.915684
8.306182
8.191217
9.024710
8.909745
7.712199
6.773322
7.223600
8.957647
9.896523
9.695335
10.107291
9.666595
10.356381
11.688052
11.553927
11.486865
11.323998
10.231836
9.599532
10.193515
10.222256
9.465406
8.219958
7.386466
9.168415
10.375542
10.174354
10.720435
10.586310
9.886943
9.695335
10.365961
10.423444
10.068970
10.155193
9.819880
10.298899
11.668892
11.410222
10.528828
10.500087
10.356381
9.781559
9.647433
9.963586
9.724076
9.484568
9.628273
9.695335
9.609112
9.312120
9.292960
9.542049
10.164774
10.337220
10.921623
11.189874
10.557569
10.126452
9.043870
7.654716
6.744581
7.587654
8.497789
8.401985
8.622334
8.469048
8.526530
8.928905
8.861843
8.584012
9.206737
10.136032
10.193515
11.228195
11.975464
10.547989
10.634212
11.946723
10.912043
9.532469
9.532469
9.273799
8.775620
8.411566
7.606814
8.507369
9.810300
9.149254
9.858202
10.183934
9.455826
9.618692
9.819880
10.298899
9.877362
8.545691
8.689397
9.771978
9.762398
9.254639
8.248699
7.913386
8.392405
8.995968
9.283380
8.900165
8.852262
9.340861
9.561211
9.292960
9.417504
9.599532
9.436666
8.593593
9.216317
10.021068
9.628273
10.337220
9.005548
6.351786
6.131437
7.309823
8.612754
8.459468
7.884645
8.124155
8.995968
9.781559
9.896523
10.461765
10.088131
9.149254
8.708557
9.906103
11.228195
10.576730
10.011488
9.494147
8.871424
8.584012
8.449887
8.766040
8.785200
7.396046
6.112277
6.782903
7.865485
7.855904
8.239119
8.670236
9.628273
11.103650
11.400641
11.668892
11.027007
9.206737
9.245058
10.279738
9.877362
9.685755
9.724076
9.360023
9.197156
9.503728
9.513309
9.139674
9.216317
9.503728
9.388763
9.082191
9.321701
9.810300
9.398344
8.315762
9.340861
10.835400
10.902462
11.438963
10.413863
9.561211
10.308479
9.503728
8.373244
7.587654
6.964930
8.334923
10.624632
10.672533
10.183934
10.337220
9.388763
9.589952
10.059389
9.398344
9.216317
9.503728
9.647433
8.689397
6.840385
7.127796
8.909745
9.245058
9.015129
8.909745
7.836743
7.721779
9.197156
9.877362
10.193515
9.321701
8.411566
9.896523
10.586310
10.404283
11.458123
11.189874
10.806659
11.007846
9.704916
8.593593
8.833102
8.948067
8.871424
9.216317
9.379183
9.206737
9.120513
9.331282
9.312120
9.043870
8.919326
8.986388
9.407925
8.957647
9.647433
10.088131
9.532469
10.289318
9.877362
8.794781
9.053451
9.685755
9.216317
8.104994
7.846324
7.721779
9.063031
9.819880
8.900165
9.225897
9.130094
8.449887
8.641495
10.001907
9.743237
8.986388
9.149254
8.584012
9.474987
10.902462
10.040229
8.871424
8.708557
8.382825
8.104994
9.618692
11.094069
10.260577
9.733657
9.877362
9.561211
9.417504
9.858202
10.059389
10.279738
10.902462
10.040229
8.871424
8.200797
7.376885
7.760100
8.574432
8.948067
9.513309
9.522889
9.273799
9.283380
9.407925
9.340861
9.187575
9.369603
9.570790
9.800719
9.398344
10.222256
10.605471
10.155193
10.959945
10.193515
8.440307
8.124155
9.254639
9.398344
8.698977
9.015129
9.158834
8.584012
8.449887
8.766040
8.277440
8.813941
9.570790
9.417504
10.490506
10.864141
10.902462
11.946723
11.036588
8.957647
8.497789
8.411566
8.363664
9.245058
8.631914
7.328984
8.631914
9.867782
9.551630
10.040229
9.637854
8.938486
9.762398
10.145613
10.193515
9.704916
7.951708
7.396046
8.785200
9.177996
8.344503
8.593593
9.216317
9.379183
9.839041
9.925264
9.446246
9.225897
9.513309
9.388763
9.082191
9.321701
9.810300
9.398344
8.957647
10.662952
11.074909
9.992327
10.500087
11.247355
12.492804
12.052107
10.318060
9.771978
9.130094
8.833102
8.564852
8.440307
9.273799
9.532469
9.273799
9.791140
9.771978
9.130094
8.833102
9.072611
10.461765
11.611409
12.147910
12.023366
10.557569
9.877362
9.312120
8.536111
8.421146
7.357725
6.610456
8.162477
9.015129
8.909745
9.235477
9.264218
10.164774
11.477284
11.582668
10.730016
10.337220
9.139674
9.082191
9.695335
9.474987
9.503728
9.130094
9.216317
9.254639
9.149254
9.091772
9.321701
9.685755
9.724076
9.743237
9.877362
9.685755
9.474987
9.110932
10.097711
10.423444
9.561211
9.791140
9.264218
9.781559
10.155193
9.312120
8.785200
8.162477
8.507369
8.411566
6.974510
6.169759
7.060733
7.990029
8.679816
9.637854
9.072611
9.570790
9.925264
9.331282
10.193515
9.839041
9.800719
11.304838
11.113231
10.011488
10.001907
9.877362
9.312120
9.676175
9.340861
8.679816
8.622334
8.085834
9.110932
10.346801
10.289318
9.369603
9.580371
10.567149
9.877362
7.654716
7.127796
8.277440
8.689397
9.005548
8.900165
9.235477
9.388763
8.957647
8.746879
9.158834
9.360023
9.063031
9.177996
9.484568
9.762398
8.995968
9.781559
10.404283
9.427085
10.107291
9.542049
7.750520
8.191217
9.158834
9.350442
8.679816
7.348145
8.382825
10.643792
10.433024
9.436666
9.225897
9.130094
8.957647
8.622334
9.484568
10.136032
9.551630
8.766040
8.152896
9.522889
10.538408
8.603173
6.802063
6.093116
7.922967
10.308479
9.886943
9.053451
9.561211
9.925264
9.455826
9.110932
9.082191
10.078550
10.547989
9.877362
9.685755
9.091772
9.455826
9.743237
8.727718
8.133735
7.990029
8.545691
9.321701
9.427085
9.101353
9.072611
9.312120
9.292960
9.034289
8.919326
9.245058
9.906103
9.321701
10.193515
11.620990
11.391061
11.659311
11.161132
11.304838
11.755116
11.074909
10.624632
10.413863
10.193515
10.212675
9.331282
7.779261
8.076253
9.360023
9.446246
8.593593
8.708557
10.030648
10.653373
10.806659
10.375542
8.900165
8.469048
8.775620
9.561211
9.925264
9.331282
8.919326
7.846324
8.354083
9.992327
9.867782
9.436666
9.992327
10.375542
10.682114
11.582668
11.122810
10.653373
11.314418
10.490506
8.191217
8.143315
9.388763
9.206737
8.861843
8.833102
9.206737
9.628273
9.446246
8.852262
8.698977
8.890584
8.976808
9.264218
9.657014
9.963586
9.216317
9.762398
10.145613
9.685755
10.490506
9.465406
7.587654
8.239119
9.177996
9.101353
9.197156
8.104994
7.463109
9.072611
10.327640
9.264218
9.024710
9.283380
8.267860
8.172056
9.532469
9.906103
9.187575
9.120513
8.948067
8.995968
8.766040
8.660655
9.245058
8.881004
7.319404
7.223600
8.315762
8.833102
8.948067
8.871424
8.584012
9.848621
11.199453
10.308479
9.379183
8.823522
9.829460
10.816238
10.126452
9.427085
10.116872
10.183934
9.446246
9.360023
9.446246
9.494147
9.130094
9.340861
9.819880
9.666595
9.206737
9.245058
9.647433
9.580371
9.417504
10.749176
11.362320
10.634212
10.298899
9.494147
9.762398
11.027007
10.864141
10.404283
10.059389
9.522889
9.522889
9.398344
8.957647
9.388763
9.589952
9.427085
10.873721
11.678473
10.528828
9.733657
10.136032
10.701274
10.576730
9.245058
8.124155
8.612754
8.842683
7.932547
8.526530
9.187575
8.603173
8.459468
8.900165
9.867782
9.944425
8.574432
7.683457
8.660655
9.254639
9.398344
10.097711
10.040229
10.787498
10.490506
9.082191
8.938486
8.995968
9.407925
9.599532
9.312120
9.168415
9.101353
9.197156
9.245058
9.015129
9.158834
9.225897
9.637854
9.197156
9.245058
9.906103
9.704916
10.490506
10.222256
9.465406
10.260577
10.500087
9.724076
8.469048
7.635556
7.750520
9.072611
9.695335
9.216317
8.612754
7.319404
8.622334
10.500087
10.356381
10.538408
11.017426
10.471346
10.471346
10.854560
10.653373
10.433024
9.685755
8.957647
9.637854
9.446246
8.344503
8.842683
9.331282
9.312120
7.769681
5.911089
6.945769
9.465406
11.027007
11.113231
10.519247
9.216317
9.379183
10.222256
9.724076
9.618692
9.570790
9.542049
9.657014
9.455826
9.110932
9.331282
9.819880
9.915684
9.570790
9.417504
9.599532
9.302540
8.909745
10.250997
11.640151
11.534766
11.985044
11.429382
9.139674
8.574432
8.823522
8.564852
8.057092
7.827163
8.354083
9.618692
10.203095
9.465406
9.752818
9.762398
8.488209
7.769681
9.082191
10.203095
9.839041
9.542049
9.149254
9.474987
9.254639
8.631914
8.603173
9.216317
9.130094
8.191217
8.009191
8.306182
8.574432
9.839041
11.956303
12.061687
11.343160
10.749176
9.829460
9.158834
9.225897
9.896523
9.829460
9.283380
9.666595
8.948067
8.104994
8.488209
8.909745
9.110932
8.823522
9.072611
9.695335
9.599532
9.177996
9.360023
9.704916
9.733657
9.494147
10.653373
11.323998
10.615051
10.662952
9.925264
9.072611
9.819880
10.298899
9.120513
7.683457
7.012832
7.079894
8.516950
9.944425
9.331282
8.296601
7.549332
8.478628
10.557569
11.276096
10.979105
10.068970
9.398344
9.724076
10.500087
10.231836
8.708557
7.233180
7.060733
8.881004
9.599532
8.670236
8.871424
9.982746
10.365961
11.180293
12.205393
11.410222
10.528828
9.867782
9.810300
11.180293
11.189874
9.791140
8.497789
7.769681
7.693038
7.779261
8.584012
9.465406
9.503728
9.130094
9.340861
9.819880
9.666595
9.455826
9.743237
9.503728
9.379183
9.082191
9.570790
9.925264
9.072611
9.446246
9.484568
7.846324
6.706260
7.568493
8.737298
8.900165
9.484568
10.270158
9.743237
8.344503
8.334923
9.609112
10.068970
9.398344
7.808002
8.727718
10.682114
10.318060
9.896523
9.695335
8.967227
8.124155
7.721779
7.922967
8.133735
7.348145
6.984090
8.210378
9.043870
8.660655
9.503728
9.264218
8.507369
9.302540
9.676175
9.848621
10.183934
9.446246
7.702618
8.037931
8.957647
9.130094
8.708557
8.382825
8.612754
8.967227
9.005548
8.775620
8.919326
9.369603
9.455826
9.235477
9.139674
9.091772
8.938486
8.995968
10.547989
11.525187
10.586310
9.130094
8.449887
9.791140
10.787498
10.241417
9.225897
8.746879
8.909745
9.618692
9.944425
9.216317
9.254639
10.289318
10.643792
10.423444
10.318060
11.419803
12.061687
10.835400
9.752818
8.737298
9.158834
10.241417
9.724076
8.603173
8.334923
8.334923
8.459468
8.516950
8.162477
8.890584
9.609112
9.187575
9.618692
10.078550
9.906103
9.954005
10.988686
11.228195
10.825819
11.400641
10.643792
9.158834
8.334923
8.718138
9.149254
9.216317
9.254639
8.890584
8.967227
9.139674
8.967227
8.881004
8.842683
9.082191
9.695335
9.982746
11.007846
11.611409
10.749176
10.088131
9.532469
8.641495
7.587654
7.472689
7.290662
7.214019
7.932547
7.386466
8.277440
9.704916
9.360023
9.829460
9.666595
8.066672
7.443948
8.555271
9.197156
9.245058
9.264218
8.641495
8.986388
9.532469
8.507369
7.903806
7.750520
6.658358
6.917028
8.181637
8.900165
8.852262
9.340861
10.327640
10.279738
10.126452
9.800719
10.040229
9.637854
8.430726
8.507369
9.561211
9.666595
8.315762
7.683457
8.152896
8.756459
9.417504
9.724076
9.618692
9.570790
9.542049
9.283380
9.034289
9.168415
9.609112
9.187575
8.344503
9.484568
10.653373
10.557569
11.276096
10.337220
8.124155
8.488209
9.302540
8.401985
7.089475
6.485911
6.581715
8.401985
9.503728
9.513309
9.647433
9.197156
10.260577
11.908401
11.898821
11.017426
11.362320
11.276096
10.720435
9.570790
8.018770
8.315762
8.574432
8.449887
9.024710
8.277440
8.430726
9.647433
8.948067
8.239119
8.670236
10.394703
11.074909
9.992327
8.976808
10.155193
10.959945
9.436666
7.319404
6.457170
7.463109
7.922967
8.009191
8.564852
8.813941
8.555271
8.564852
9.072611
9.570790
9.417504
9.091772
9.197156
9.628273
8.938486
9.120513
11.371901
10.758757
9.839041
10.816238
10.126452
10.442604
11.352739
10.500087
10.107291
9.915684
8.823522
8.813941
9.704916
9.474987
8.478628
8.143315
8.497789
9.302540
9.925264
10.471346
10.720435
10.461765
10.088131
9.149254
9.858202
10.442604
8.804361
8.172056
8.258280
9.187575
10.892881
10.413863
9.685755
9.465406
8.852262
9.082191
10.969524
11.850919
10.480926
9.589952
9.427085
10.375542
12.080848
11.985044
10.672533
10.183934
9.954005
9.474987
9.120513
9.340861
9.436666
9.225897
9.388763
9.714497
9.733657
9.369603
9.455826
9.877362
9.427085
9.225897
10.528828
10.624632
9.906103
9.446246
8.219958
8.536111
9.187575
8.219958
7.137376
7.396046
8.277440
8.948067
8.488209
7.645136
8.258280
9.312120
9.934845
9.963586
9.465406
10.260577
10.883302
10.155193
10.576730
10.136032
10.068970
11.304838
10.730016
8.813941
8.421146
9.139674
8.708557
7.233180
7.309823
8.239119
8.794781
9.436666
10.250997
10.116872
10.691694
11.084489
10.375542
10.298899
8.995968
9.791140
11.046167
10.231836
9.091772
8.564852
8.948067
9.130094
8.833102
8.564852
8.948067
9.513309
9.388763
9.082191
9.187575
9.618692
9.954005
9.589952
10.318060
11.161132
10.413863
9.685755
8.708557
9.273799
10.806659
10.500087
9.973166
9.350442
8.555271
8.430726
9.015129
9.283380
8.909745
8.603173
8.708557
10.164774
9.944425
9.206737
9.379183
9.580371
10.183934
10.471346
9.580371
8.909745
9.618692
9.312120
8.785200
9.436666
9.235477
8.622334
8.852262
9.082191
9.829460
9.283380
7.511011
8.200797
10.308479
10.777917
11.122810
10.902462
9.407925
9.973166
10.624632
9.906103
8.928905
8.229539
8.536111
8.938486
9.369603
9.455826
9.360023
9.580371
9.551630
9.158834
8.976808
9.139674
8.957647
8.756459
10.308479
10.653373
8.900165
7.712199
7.405627
9.168415
10.758757
9.973166
9.225897
8.746879
8.143315
8.497789
9.043870
8.794781
9.302540
9.934845
9.465406
10.001907
10.260577
9.609112
9.954005
10.998266
11.094069
10.634212
10.672533
10.059389
9.896523
9.829460
9.024710
9.666595
9.973166
9.474987
8.861843
8.708557
9.522889
9.532469
9.149254
9.609112
10.452185
10.854560
11.544347
11.870080
11.764695
11.458123
10.174354
9.321701
9.302540
9.168415
9.101353
9.206737
9.120513
8.957647
9.130094
9.589952
9.551630
9.158834
9.225897
9.388763
8.948067
8.871424
10.490506
10.988686
9.954005
9.340861
9.312120
10.567149
10.394703
8.660655
7.721779
7.156537
7.405627
8.028351
7.549332
6.821224
7.501431
9.216317
10.136032
9.302540
8.526530
9.446246
9.484568
8.363664
7.961288
8.028351
9.714497
11.898821
11.898821
10.634212
10.164774
10.586310
10.777917
9.858202
8.785200
9.685755
9.982746
9.609112
10.959945
11.467704
10.298899
8.995968
9.532469
10.547989
10.385122
8.909745
7.204439
7.808002
8.718138
8.766040
8.794781
9.053451
9.302540
9.043870
8.785200
8.804361
9.063031
9.177996
9.235477
9.513309
9.005548
8.775620
10.701274
11.985044
11.055748
9.858202
8.660655
9.245058
10.538408
10.126452
9.427085
8.842683
8.948067
8.497789
7.520591
8.210378
8.909745
8.344503
8.334923
9.091772
9.580371
10.433024
10.959945
10.701274
10.203095
9.589952
10.193515
9.704916
8.842683
8.698977
8.248699
8.679816
8.239119
7.271502
7.194859
8.440307
9.149254
8.459468
8.651075
9.494147
9.896523
9.695335
10.116872
10.940784
9.934845
8.057092
8.076253
8.718138
8.766040
8.919326
9.110932
9.206737
9.120513
8.957647
8.995968
9.398344
9.340861
9.053451
8.928905
8.612754
8.842683
8.823522
9.963586
10.490506
9.599532
10.576730
10.519247
8.967227
7.740940
8.057092
8.708557
7.875065
7.740940
8.823522
9.580371
9.292960
8.775620
9.302540
9.168415
9.360023
10.969524
11.601830
11.256936
11.343160
11.391061
10.768337
10.615051
10.672533
10.308479
9.254639
8.890584
9.733657
9.369603
7.922967
6.620036
6.897867
8.555271
9.704916
9.360023
8.938486
9.762398
10.136032
10.183934
9.963586
8.833102
9.331282
9.561211
8.392405
8.363664
8.469048
8.909745
9.360023
9.197156
9.120513
9.465406
9.245058
9.005548
9.283380
9.283380
9.283380
8.775620
8.670236
9.886943
9.944425
9.589952
9.810300
9.532469
10.672533
11.199453
9.283380
8.009191
7.798422
7.827163
8.478628
7.003251
5.930250
7.846324
8.995968
9.407925
9.465406
9.245058
10.413863
10.701274
9.944425
10.097711
10.298899
10.902462
11.055748
9.858202
8.277440
8.689397
9.130094
8.967227
8.497789
7.903806
9.024710
9.542049
9.149254
9.350442
9.446246
9.618692
8.804361
8.679816
10.270158
10.126452
8.526530
8.162477
8.756459
9.168415
9.360023
9.321701
9.427085
9.225897
8.871424
8.967227
9.264218
9.149254
8.967227
9.015129
9.417504
8.842683
8.191217
9.791140
10.921623
10.816238
11.649731
10.385122
8.660655
9.369603
10.088131
9.657014
9.197156
9.245058
9.771978
10.912043
10.298899
8.354083
7.070314
6.466751
8.219958
10.691694
10.701274
10.710855
11.094069
10.634212
10.289318
10.519247
9.982746
8.842683
8.315762
8.325342
9.858202
10.567149
8.861843
8.066672
8.852262
9.714497
8.976808
7.233180
8.200797
10.174354
10.461765
10.471346
10.088131
9.915684
10.212675
9.714497
9.101353
9.580371
9.810300
9.522889
9.139674
8.957647
9.379183
9.714497
9.858202
9.551630
9.024710
8.909745
9.110932
9.082191
8.804361
10.203095
10.988686
10.327640
10.279738
9.618692
8.162477
7.625975
8.766040
9.292960
8.909745
8.852262
8.574432
8.191217
8.267860
9.187575
10.126452
10.691694
12.234134
11.803017
10.078550
10.040229
9.637854
9.446246
9.992327
9.743237
9.245058
7.865485
7.099055
7.501431
8.459468
9.532469
10.040229
11.170712
11.055748
9.216317
8.363664
9.618692
9.954005
8.957647
9.896523
10.203095
9.331282
9.053451
9.177996
8.986388
8.133735
9.005548
9.791140
9.522889
9.647433
9.839041
9.542049
9.273799
9.283380
9.034289
9.043870
9.168415
9.484568
10.011488
9.628273
9.954005
10.231836
9.982746
9.867782
10.059389
10.155193
9.312120
9.043870
9.168415
8.085834
8.085834
9.618692
9.944425
10.097711
9.791140
8.756459
8.401985
10.404283
11.841338
11.247355
11.084489
11.017426
9.704916
9.101353
9.331282
8.794781
8.296601
8.315762
8.449887
8.900165
9.235477
8.881004
8.967227
9.388763
8.948067
8.363664
9.235477
9.513309
9.264218
10.547989
10.634212
9.791140
9.388763
8.823522
8.555271
9.580371
10.442604
9.819880
9.407925
9.465406
9.369603
9.197156
9.369603
9.580371
9.417504
9.091772
9.197156
9.494147
9.637854
9.695335
10.749176
10.730016
10.337220
10.538408
9.618692
9.944425
10.231836
9.340861
9.944425
9.724076
7.961288
7.779261
8.200797
8.775620
9.685755
10.490506
10.097711
9.915684
9.321701
9.551630
10.940784
11.074909
11.391061
10.394703
8.785200
8.804361
8.296601
7.051153
7.223600
7.683457
8.028351
7.558913
8.354083
9.992327
10.634212
10.289318
9.752818
10.270158
10.500087
10.231836
9.465406
8.861843
8.957647
8.363664
8.219958
9.676175
9.973166
9.225897
8.622334
8.593593
9.216317
9.379183
9.455826
9.494147
9.254639
9.015129
9.158834
9.484568
10.145613
10.068970
10.155193
9.944425
8.698977
8.507369
8.794781
8.162477
7.108635
7.635556
7.760100
7.683457
9.177996
9.101353
8.306182
8.066672
8.076253
8.718138
9.657014
10.346801
10.030648
10.136032
10.442604
10.327640
11.170712
11.304838
9.589952
8.536111
9.063031
8.679816
8.239119
9.561211
9.666595
8.823522
9.963586
10.615051
9.647433
9.714497
11.007846
10.979105
9.436666
9.609112
9.685755
9.091772
8.564852
7.673877
7.645136
8.651075
9.752818
9.886943
9.561211
9.666595
9.465406
9.120513
9.082191
9.312120
9.302540
9.168415
9.350442
9.187575
9.235477
8.881004
9.733657
11.276096
11.611409
11.515606
10.835400
9.877362
8.919326
8.478628
8.401985
7.606814
7.482270
8.449887
8.641495
8.986388
9.015129
9.417504
10.107291
10.174354
9.954005
11.247355
11.985044
10.164774
9.312120
9.043870
8.401985
8.239119
8.545691
8.047512
7.434368
7.779261
8.066672
8.334923
8.842683
10.097711
10.806659
10.500087
10.107291
9.925264
9.321701
9.944425
10.346801
8.890584
8.593593
8.842683
8.315762
8.066672
8.334923
8.842683
9.206737
9.379183
9.704916
9.484568
9.379183
9.704916
9.609112
9.187575
8.986388
9.015129
9.417504
8.842683
9.331282
10.327640
10.538408
10.883302
9.015129
6.869126
6.754161
7.721779
8.430726
7.875065
7.740940
7.798422
7.578074
7.721779
8.172056
9.149254
10.107291
10.557569
9.494147
9.130094
9.848621
10.059389
10.528828
11.391061
11.027007
10.730016
9.829460
8.392405
7.721779
8.679816
9.637854
8.679816
8.746879
9.925264
10.346801
9.647433
10.471346
10.605471
9.513309
10.289318
10.509667
8.967227
8.622334
8.727718
8.641495
9.110932
9.455826
9.369603
8.813941
9.063031
9.053451
8.670236
9.130094
9.589952
9.427085
9.101353
8.948067
8.995968
9.532469
9.781559
10.787498
11.132391
10.145613
10.193515
10.595890
9.896523
9.063031
9.436666
8.976808
7.367305
7.760100
9.465406
9.752818
9.877362
9.819880
9.024710
9.676175
11.371901
11.534766
10.586310
10.270158
9.484568
8.363664
8.727718
9.791140
10.030648
8.488209
8.028351
7.549332
6.572134
7.635556
9.024710
9.292960
9.542049
11.573088
11.879660
10.624632
10.672533
10.059389
8.373244
7.970869
8.670236
8.239119
7.271502
8.344503
9.609112
8.928905
8.612754
8.976808
9.139674
9.091772
9.072611
9.436666
9.867782
9.685755
9.216317
9.379183
9.714497
9.992327
10.126452
10.691694
10.701274
10.452185
10.586310
10.394703
9.676175
8.574432
8.823522
9.197156
8.995968
9.657014
9.963586
9.350442
8.555271
8.564852
8.698977
8.890584
10.375542
10.423444
9.685755
10.107291
9.800719
9.906103
10.720435
10.337220
9.771978
8.622334
7.578074
7.721779
9.321701
10.442604
9.063031
8.287021
8.564852
8.191217
8.392405
9.886943
9.819880
8.775620
9.177996
9.360023
9.072611
8.172056
7.740940
8.440307
9.273799
9.158834
8.593593
8.833102
9.072611
9.063031
8.928905
8.995968
9.273799
9.532469
9.398344
9.082191
9.187575
8.986388
8.382825
9.877362
10.327640
9.771978
10.528828
10.500087
9.599532
8.287021
8.564852
9.206737
8.861843
9.082191
9.063031
8.670236
8.746879
9.666595
9.465406
9.110932
10.864141
11.036588
10.231836
10.231836
9.599532
8.919326
9.245058
9.264218
8.890584
8.210378
7.386466
7.635556
9.407925
9.724076
9.360023
9.829460
9.158834
8.210378
7.386466
8.401985
9.379183
9.072611
9.063031
8.421146
9.264218
10.672533
9.292960
8.143315
8.497789
7.903806
7.875065
8.881004
9.225897
9.130094
8.957647
9.130094
9.082191
8.804361
8.813941
9.187575
9.494147
9.637854
9.580371
10.442604
10.203095
9.714497
10.624632
10.921623
10.174354
9.063031
8.928905
9.120513
8.698977
9.139674
9.848621
8.785200
8.670236
8.995968
8.516950
8.162477
9.522889
9.906103
9.570790
10.433024
10.203095
8.698977
7.357725
8.258280
9.446246
9.101353
9.072611
8.938486
8.363664
7.702618
7.654716
8.018770
8.698977
9.398344
9.216317
10.270158
10.634212
9.915684
10.720435
10.710855
9.312120
8.785200
8.545691
7.922967
8.267860
8.555271
8.315762
8.584012
8.833102
8.948067
9.005548
9.273799
9.666595
9.589952
9.177996
9.360023
9.829460
9.791140
9.522889
10.672533
11.582668
11.371901
11.276096
10.337220
10.030648
10.394703
10.308479
9.379183
8.948067
9.637854
9.580371
9.676175
9.973166
8.967227
8.881004
10.375542
10.433024
9.695335
10.107291
10.433024
9.944425
10.356381
10.289318
8.861843
7.817583
7.961288
8.670236
8.871424
8.076253
7.319404
7.357725
8.133735
9.130094
9.589952
8.785200
9.427085
10.365961
9.657014
9.839041
9.666595
8.574432
7.558913
8.095413
8.603173
8.200797
8.785200
9.302540
9.043870
9.302540
9.427085
8.967227
9.005548
9.407925
9.340861
9.053451
9.302540
9.800719
10.164774
9.944425
10.356381
10.164774
9.704916
9.992327
9.360023
8.804361
8.555271
8.564852
7.932547
6.744581
7.204439
9.455826
10.509667
10.231836
9.599532
9.561211
9.666595
9.589952
9.551630
10.040229
10.404283
9.934845
9.839041
9.158834
8.593593
8.708557
7.999610
8.430726
10.538408
10.883302
10.279738
9.369603
8.430726
8.124155
9.762398
11.161132
10.538408
10.375542
9.666595
9.082191
10.078550
10.797078
10.241417
8.967227
7.740940
7.549332
8.852262
9.589952
9.561211
9.791140
9.647433
9.331282
9.053451
9.302540
9.427085
8.967227
8.756459
9.034289
9.551630
9.158834
9.733657
10.385122
10.049809
10.787498
10.241417
8.325342
8.325342
9.474987
9.503728
8.114574
6.830804
6.869126
7.396046
7.894226
8.890584
9.609112
9.053451
8.162477
8.382825
9.752818
9.752818
8.354083
8.727718
9.407925
9.082191
9.197156
9.494147
9.005548
8.775620
10.318060
10.404283
9.043870
8.287021
7.673877
8.785200
10.576730
11.161132
11.046167
10.615051
10.030648
10.021068
10.768337
10.864141
9.264218
7.875065
7.482270
8.191217
9.158834
9.350442
9.695335
9.474987
9.120513
9.206737
9.379183
9.206737
9.120513
9.331282
9.312120
9.168415
8.469048
9.034289
9.800719
9.273799
9.791140
10.797078
10.490506
9.340861
9.053451
9.053451
7.645136
7.501431
9.340861
9.063031
8.928905
9.120513
8.708557
8.756459
9.925264
10.471346
10.346801
10.797078
10.624632
9.398344
8.066672
9.225897
10.021068
8.737298
8.651075
10.001907
10.634212
10.806659
10.001907
8.986388
8.631914
9.867782
10.701274
9.944425
9.973166
9.982746
9.101353
8.689397
9.388763
9.714497
8.469048
7.884645
8.373244
8.229539
8.536111
9.187575
9.752818
9.762398
9.379183
9.082191
9.187575
9.494147
9.379183
9.455826
9.618692
9.570790
9.542049
10.298899
10.136032
9.934845
10.222256
10.231836
10.241417
9.216317
8.622334
8.718138
8.133735
6.964930
7.568493
8.354083
8.727718
9.407925
9.589952
9.551630
10.298899
10.270158
9.235477
8.756459
8.775620
8.794781
8.421146
8.497789
8.536111
7.788842
7.827163
9.494147
10.394703
10.183934
9.063031
7.654716
7.376885
8.900165
9.494147
9.388763
9.455826
9.618692
9.695335
8.967227
8.756459
8.785200
8.162477
7.482270
8.823522
9.072611
8.162477
8.382825
8.995968
9.532469
9.398344
9.082191
9.063031
9.053451
8.928905
8.861843
9.091772
9.570790
9.542049
10.423444
10.068970
9.015129
9.417504
9.225897
8.622334
8.344503
8.842683
9.331282
8.670236
9.130094
10.615051
9.906103
8.813941
9.063031
9.436666
9.743237
11.151552
11.046167
9.340861
8.670236
8.488209
7.261921
6.552974
8.516950
9.561211
8.526530
8.679816
10.145613
9.819880
9.407925
10.231836
9.724076
9.360023
11.228195
11.592249
10.356381
9.915684
9.963586
9.350442
8.296601
8.315762
8.191217
7.376885
8.009191
9.704916
9.609112
9.053451
9.053451
9.302540
9.292960
9.034289
9.168415
9.609112
9.561211
9.292960
9.417504
9.724076
9.867782
9.551630
10.423444
10.835400
10.509667
10.615051
10.155193
9.561211
9.034289
8.536111
7.788842
7.443948
8.679816
9.637854
9.580371
9.934845
9.455826
9.101353
9.197156
8.995968
8.258280
9.187575
10.634212
10.806659
10.624632
9.149254
8.200797
8.143315
7.865485
8.622334
9.235477
9.130094
9.848621
9.551630
8.392405
8.488209
10.433024
11.094069
10.509667
10.998266
10.979105
9.436666
8.085834
8.593593
9.340861
8.421146
8.248699
9.053451
9.302540
9.427085
9.101353
8.689397
8.622334
8.727718
8.890584
9.350442
9.312120
9.177996
9.235477
9.264218
9.532469
9.398344
9.848621
9.542049
8.766040
9.676175
9.216317
7.214019
6.284723
7.760100
9.465406
8.986388
8.641495
9.867782
9.934845
9.973166
10.241417
9.858202
10.318060
11.170712
10.921623
10.049809
10.404283
10.442604
8.679816
7.731359
8.948067
9.254639
8.631914
8.852262
9.082191
9.446246
9.867782
9.934845
9.580371
9.292960
9.666595
9.973166
11.132391
11.285677
10.346801
10.797078
11.515606
11.084489
10.126452
9.417504
8.449887
7.625975
8.507369
9.302540
9.168415
9.225897
9.005548
8.900165
9.101353
9.580371
9.551630
9.283380
9.407925
9.724076
10.250997
9.867782
10.318060
10.021068
9.752818
10.902462
11.438963
10.797078
8.976808
8.258280
8.679816
8.622334
7.578074
8.104994
10.136032
10.950364
10.318060
10.404283
10.059389
8.881004
8.967227
10.538408
11.141972
9.771978
9.513309
9.139674
8.449887
9.283380
9.915684
8.689397
7.865485
9.647433
10.595890
10.021068
10.519247
11.515606
11.343160
10.500087
10.480926
10.097711
9.024710
9.800719
10.413863
9.551630
9.024710
8.152896
6.466751
6.188920
7.712199
8.679816
8.746879
8.909745
9.110932
9.206737
9.379183
9.331282
9.053451
8.794781
8.670236
9.130094
9.848621
9.551630
10.040229
10.021068
9.245058
9.647433
8.948067
6.964930
6.418849
8.076253
9.484568
9.254639
9.139674
9.091772
8.564852
8.057092
8.584012
9.465406
9.752818
10.270158
9.867782
10.068970
10.289318
9.494147
10.653373
11.448544
9.657014
8.564852
9.206737
9.120513
9.082191
10.461765
10.088131
8.900165
8.593593
7.942128
9.551630
11.822178
11.745535
11.707213
11.304838
9.455826
8.219958
9.043870
8.794781
7.654716
7.760100
9.082191
9.446246
8.593593
8.957647
9.647433
9.580371
9.168415
9.225897
9.513309
9.388763
9.331282
9.561211
9.542049
9.283380
8.775620
9.427085
9.733657
9.743237
10.011488
10.011488
10.385122
9.542049
8.133735
7.980449
8.047512
7.683457
8.794781
9.561211
9.034289
8.018770
8.057092
9.733657
10.509667
10.107291
9.791140
10.413863
10.950364
10.567149
9.245058
7.990029
8.555271
9.580371
10.567149
10.011488
8.727718
8.900165
9.225897
9.005548
9.915684
10.979105
10.586310
10.270158
10.500087
10.615051
10.155193
9.810300
10.040229
9.896523
8.804361
9.321701
10.318060
9.762398
8.995968
9.015129
9.542049
9.532469
9.149254
8.967227
9.139674
9.216317
8.871424
8.833102
9.072611
9.063031
9.312120
10.308479
9.637854
9.321701
10.701274
10.959945
11.084489
11.007846
9.963586
9.599532
9.810300
9.273799
9.283380
10.298899
10.011488
8.986388
8.890584
8.852262
10.356381
10.797078
10.116872
10.308479
11.161132
10.921623
9.800719
9.781559
9.513309
8.890584
7.961288
7.903806
9.657014
10.854560
10.528828
9.992327
9.609112
9.944425
9.340861
8.545691
8.555271
8.948067
9.513309
9.771978
10.404283
10.059389
9.005548
8.133735
7.223600
8.066672
9.101353
9.197156
9.245058
9.015129
9.034289
9.292960
9.417504
9.225897
9.005548
9.283380
9.542049
9.407925
9.340861
10.461765
10.471346
9.580371
9.934845
8.948067
7.855904
8.746879
9.666595
9.589952
9.177996
8.852262
9.082191
9.063031
8.928905
8.995968
9.273799
10.174354
10.969524
10.959945
10.701274
10.327640
9.771978
9.005548
8.526530
9.312120
9.685755
9.082191
9.187575
9.369603
8.813941
9.197156
9.245058
8.373244
8.095413
9.369603
10.595890
9.762398
9.379183
8.823522
7.166118
6.773322
8.239119
9.561211
8.909745
8.727718
9.149254
8.842683
8.698977
8.881004
9.350442
9.312120
9.043870
9.168415
9.484568
9.245058
8.881004
8.842683
9.206737
10.011488
9.752818
10.394703
11.074909
10.883302
11.170712
10.164774
8.545691
7.922967
8.775620
9.043870
7.903806
8.382825
9.628273
8.938486
8.363664
9.618692
10.327640
10.279738
11.783856
11.850919
10.864141
11.046167
9.848621
7.769681
7.175698
8.679816
10.021068
9.120513
9.465406
10.260577
9.360023
9.570790
9.427085
8.334923
8.459468
10.423444
11.084489
10.001907
10.250997
9.867782
7.779261
7.309823
8.612754
8.976808
7.865485
8.373244
9.618692
9.063031
8.670236
8.746879
8.909745
8.986388
8.890584
9.225897
9.637854
9.446246
9.110932
9.331282
9.685755
9.474987
9.120513
10.222256
9.973166
9.101353
9.963586
9.858202
8.028351
6.658358
8.191217
9.024710
8.152896
8.756459
9.427085
8.718138
8.382825
8.995968
8.766040
8.660655
10.011488
9.877362
9.695335
10.490506
10.231836
10.356381
10.797078
9.484568
8.488209
8.401985
7.606814
6.600875
8.037931
9.848621
9.551630
9.791140
9.647433
8.306182
7.424788
8.928905
10.136032
9.427085
9.982746
10.241417
9.733657
10.768337
10.231836
8.708557
7.740940
8.057092
9.101353
9.197156
9.494147
9.379183
9.082191
9.321701
9.810300
9.657014
9.072611
9.053451
9.561211
9.791140
9.005548
9.666595
9.973166
9.733657
10.126452
10.183934
10.346801
9.273799
8.009191
7.798422
7.702618
8.670236
10.145613
9.934845
9.848621
10.059389
10.145613
9.561211
10.298899
11.544347
10.969524
10.825819
10.509667
8.833102
7.673877
8.152896
8.497789
8.028351
8.574432
9.589952
9.676175
9.589952
9.810300
9.906103
9.570790
10.691694
10.959945
10.059389
10.279738
8.986388
7.233180
6.926608
7.300243
7.846324
8.229539
9.053451
8.919326
8.095413
8.344503
8.852262
9.206737
9.254639
9.015129
8.775620
9.043870
9.551630
9.542049
9.407925
9.340861
9.053451
8.670236
9.379183
10.088131
10.040229
10.279738
9.743237
8.104994
7.079894
8.009191
8.564852
8.440307
9.024710
9.417504
9.474987
10.136032
10.059389
9.005548
9.532469
10.921623
11.189874
10.557569
10.643792
9.407925
7.683457
8.536111
9.446246
9.101353
8.689397
9.388763
9.455826
8.478628
8.909745
9.494147
9.005548
9.149254
9.350442
8.679816
9.388763
10.097711
10.298899
11.036588
10.356381
9.149254
8.334923
7.185278
7.415207
8.545691
8.306182
8.191217
8.775620
9.302540
9.542049
9.273799
9.024710
9.168415
9.101353
9.072611
9.063031
8.928905
8.861843
8.708557
9.906103
10.595890
10.021068
10.394703
9.925264
9.714497
10.509667
10.241417
9.350442
8.679816
8.488209
8.401985
8.746879
9.158834
9.609112
9.312120
9.292960
11.065329
11.256936
10.461765
9.829460
8.516950
9.053451
10.452185
9.829460
8.775620
8.028351
7.808002
7.443948
7.913386
8.516950
8.162477
7.875065
7.865485
8.373244
8.852262
9.216317
8.871424
8.076253
7.961288
8.037931
9.082191
9.954005
8.967227
7.990029
8.047512
7.568493
7.214019
8.449887
9.149254
9.350442
9.436666
9.484568
9.503728
9.130094
8.698977
8.631914
8.852262
8.325342
8.076253
9.867782
9.810300
8.766040
9.292960
9.034289
9.800719
11.180293
10.806659
9.484568
8.104994
7.712199
8.679816
9.130094
8.833102
8.689397
8.622334
9.110932
10.471346
10.730016
9.954005
9.340861
9.561211
10.308479
10.394703
9.676175
8.191217
8.267860
8.679816
8.497789
8.660655
8.488209
9.292960
9.666595
8.574432
9.082191
8.928905
7.463109
8.181637
10.174354
10.461765
10.471346
11.228195
10.701274
10.068970
9.522889
9.139674
9.216317
8.995968
9.149254
9.599532
9.561211
9.158834
9.225897
9.513309
9.388763
9.082191
9.187575
9.369603
9.446246
8.852262
9.724076
10.883302
10.538408
10.500087
10.107291
9.542049
9.149254
8.842683
8.440307
7.367305
8.009191
9.704916
9.484568
9.120513
8.449887
7.999610
8.430726
9.906103
9.954005
9.216317
9.637854
9.570790
8.651075
7.970869
8.804361
9.436666
8.976808
8.756459
8.277440
7.290662
7.463109
8.938486
9.886943
9.944425
11.122810
10.777917
9.982746
10.375542
9.925264
10.212675
9.973166
9.350442
8.813941
7.664297
7.261921
7.961288
8.919326
8.986388
9.024710
9.417504
9.599532
9.436666
9.609112
9.819880
9.532469
9.273799
9.283380
9.283380
8.651075
7.970869
9.561211
10.806659
10.116872
10.183934
10.212675
8.315762
7.175698
8.047512
8.708557
8.631914
8.852262
8.833102
8.948067
9.513309
9.388763
9.589952
9.427085
8.325342
8.842683
10.471346
10.595890
9.896523
9.819880
9.283380
8.900165
9.618692
9.570790
9.292960
8.909745
8.219958
7.769681
8.325342
8.459468
8.392405
9.503728
9.896523
10.461765
10.979105
10.203095
9.589952
9.177996
8.085834
7.961288
8.536111
8.555271
8.440307
9.264218
9.915684
9.704916
9.733657
9.369603
9.072611
8.928905
9.120513
9.206737
8.995968
8.900165
9.235477
9.388763
8.698977
9.781559
10.528828
9.867782
10.068970
10.279738
9.877362
8.794781
8.679816
9.130094
8.200797
8.267860
10.212675
10.864141
10.404283
9.676175
9.082191
9.321701
9.561211
9.542049
10.547989
11.151552
11.046167
9.973166
8.718138
8.631914
8.976808
8.631914
8.469048
9.925264
10.595890
10.155193
9.302540
9.417504
10.107291
10.174354
9.570790
9.925264
10.346801
9.906103
10.346801
10.030648
8.995968
8.641495
7.587654
7.089475
8.775620
9.551630
9.158834
9.350442
9.829460
9.532469
9.015129
8.909745
8.727718
8.516950
8.545691
9.063031
9.436666
0.000000
0.000000
0.000000
0.000000
0.000000
0.000000
0.000000
0.000000
0.000000
0.000000
0.000000
0.000000
0.000000
0.000000
0.000000
0.000000
0.000000
0.000000
0.000000
0.000000
0.000000
0.000000
0.000000
0.000000
0.000000
0.000000
0.000000
0.000000
0.000000
0.000000
0.000000
0.000000
0.000000
0.000000
0.000000
0.000000
0.000000
0.000000
0.000000
0.000000
