2.989076
2.864531
2.682504
3.094460
3.401032
3.056138
3.266906
3.487255
3.343549
3.401032
3.295648
3.257326
3.113621
3.171103
3.324389
3.142362
3.056138
2.902852
2.826210
2.912433
2.950754
2.969915
2.979495
2.979495
2.739986
2.874111
3.056138
2.778308
2.395093
2.098101
2.203485
2.500477
2.510057
2.395093
2.471736
2.625022
2.816629
2.787888
2.768727
3.008236
2.749567
2.385512
2.586700
2.797468
2.778308
2.519638
2.519638
2.644182
2.586700
2.423834
2.356771
2.567539
2.797468
2.529218
2.280128
2.538798
2.529218
2.155583
1.992717
2.280128
2.902852
2.462155
1.389154
2.490896
3.372291
2.672924
2.222646
1.896913
1.983137
2.031039
1.437056
0.296991
0.996359
2.299289
1.686145
1.034680
0.114964
1.159225
2.874111
2.078940
0.593983
-0.095804
1.552020
2.442995
1.753208
1.302930
1.590342
2.950754
3.094460
2.299289
3.161522
3.927952
3.918372
3.918372
3.295648
2.644182
2.950754
3.219005
1.868172
1.360413
1.120903
1.992717
3.506416
3.104040
2.922013
2.711245
2.739986
3.736345
3.583059
2.893272
2.941174
2.969915
2.979495
2.615441
2.328030
2.557959
2.414253
1.983137
1.781949
1.686145
2.749567
3.247746
2.375932
2.213066
2.500477
3.247746
2.864531
1.829851
1.954396
2.634602
3.812988
3.372291
1.571181
1.341252
2.471736
2.864531
2.807049
3.142362
3.678863
4.052497
3.487255
2.605861
3.056138
3.027397
1.896913
1.868172
2.462155
3.238165
2.979495
1.389154
0.766430
0.852653
1.255029
1.446636
1.044260
1.954396
2.749567
2.021458
1.063421
0.622724
1.389154
2.979495
2.375932
1.963976
1.896913
1.369993
1.494538
1.063421
0.622724
0.411956
0.804751
1.475377
1.791529
1.446636
1.283770
1.331672
1.111323
1.130484
1.264609
1.197546
2.155583
2.720825
2.375932
2.088521
2.078940
3.180683
2.960335
1.379573
0.641885
0.910135
1.896913
1.494538
0.325733
0.392795
0.795171
1.724467
1.542440
0.833492
1.245448
0.823912
0.507760
0.843073
0.019161
0.124545
2.021458
1.925655
0.776010
0.479019
-0.019161
0.593983
0.890975
0.536501
0.737689
-0.028741
-0.019161
0.114964
-1.791529
-2.442995
-1.149644
-0.411956
-0.076643
-0.287411
-1.484957
-0.948457
0.038321
-0.593983
-0.526920
-0.986778
-1.082582
-0.632304
-0.919716
-0.680206
-0.565242
-1.005939
-1.207127
-0.938876
-0.814332
-0.756849
-0.852653
-1.264609
-0.843073
-1.130484
-1.513699
-0.843073
-0.890975
-1.647824
-2.490896
-2.270548
-1.801110
-1.705306
-1.293350
-1.963976
-2.768727
-2.404673
-2.356771
-2.577120
-2.931593
-2.117262
-0.747269
-1.590342
-1.973556
-1.178386
-1.168805
-1.283770
-1.705306
-2.768727
-2.529218
-2.165164
-4.215363
-5.412910
-4.617739
-3.391451
-3.793827
-4.723123
-4.301587
-4.474033
-4.924311
-5.010534
-4.186622
-4.042917
-4.598578
-4.732703
-5.786544
-5.527874
-3.812988
-3.755505
-3.726764
-3.832148
-4.751864
-4.799766
-4.828507
-4.838088
-4.847668
-4.847668
-4.847668
-5.096757
-5.336267
-5.441651
-5.374588
-5.096757
-3.611800
-2.922013
-3.832148
-4.502774
-4.320747
-5.958991
-7.827163
-7.463109
-6.926608
-6.926608
-6.562554
-6.141018
-5.690741
-5.115918
-6.457170
-7.319404
-8.219958
-7.405627
-4.320747
-4.483613
-6.035634
-5.767383
-5.278784
-5.537455
-4.684802
-4.646480
-6.236822
-6.974510
-7.808002
-6.600875
-5.547035
-6.773322
-7.712199
-7.903806
-7.875065
-7.616395
-7.865485
-9.704916
-9.446246
-8.229539
-8.516950
-8.411566
-8.603173
-8.076253
-7.712199
-8.028351
-8.057092
-8.804361
-9.398344
-9.187575
-8.967227
-8.986388
-8.746879
-8.756459
-8.756459
-8.641495
-8.833102
-9.043870
-9.139674
-9.063031
-7.922967
-8.133735
-8.229539
-7.041573
-8.085834
-10.662952
-11.496445
-9.302540
-7.664297
-8.871424
-10.049809
-9.858202
-8.660655
-8.967227
-10.337220
-10.107291
-9.886943
-9.407925
-9.312120
-8.651075
-8.593593
-9.800719
-10.480926
-10.547989
-8.488209
-8.028351
-9.532469
-10.231836
-10.308479
-10.835400
-11.209034
-8.919326
-8.469048
-10.595890
-12.205393
-12.090428
-11.419803
-11.237775
-11.640151
-11.707213
-9.522889
-8.871424
-9.436666
-9.819880
-10.241417
-10.806659
-10.576730
-9.982746
-10.567149
-10.595890
-10.231836
-10.433024
-10.528828
-10.078550
-9.867782
-10.270158
-10.701274
-10.404283
-9.896523
-9.666595
-8.200797
-8.382825
-9.446246
-9.455826
-10.682114
-10.030648
-7.884645
-7.252341
-8.555271
-9.034289
-8.526530
-7.922967
-8.373244
-9.570790
-9.024710
-8.516950
-9.388763
-10.662952
-10.021068
-8.488209
-9.369603
-9.292960
-8.277440
-8.785200
-8.651075
-9.455826
-9.580371
-8.775620
-9.015129
-9.503728
-9.110932
-7.568493
-7.223600
-6.936189
-7.424788
-9.120513
-8.564852
-8.057092
-7.079894
-6.141018
-7.300243
-8.938486
-8.967227
-8.373244
-9.446246
-9.944425
-8.698977
-7.635556
-7.990029
-8.287021
-8.545691
-8.785200
-8.526530
-8.287021
-8.296601
-8.421146
-8.488209
-8.143315
-8.104994
-7.970869
-6.677518
-7.549332
-8.689397
-8.239119
-7.903806
-7.137376
-6.284723
-5.891928
-6.198500
-6.955349
-7.673877
-8.258280
-10.001907
-10.203095
-8.698977
-8.124155
-7.731359
-7.664297
-7.146957
-7.769681
-8.181637
-7.511011
-7.693038
-6.792483
-6.246402
-6.849965
-7.386466
-8.861843
-9.302540
-8.277440
-8.172056
-9.110932
-8.679816
-7.003251
-7.578074
-8.823522
-9.781559
-10.346801
-8.890584
-7.846324
-7.721779
-8.651075
-9.695335
-8.095413
-7.099055
-7.252341
-5.968571
-5.125498
-6.093116
-7.520591
-8.555271
-8.670236
-8.354083
-8.334923
-8.440307
-8.497789
-8.641495
-8.334923
-8.076253
-8.315762
-6.715840
-5.968571
-6.227241
-5.987732
-6.610456
-8.497789
-10.490506
-9.819880
-8.641495
-8.344503
-8.564852
-7.942128
-8.382825
-9.695335
-9.446246
-8.718138
-7.261921
-6.840385
-7.252341
-8.306182
-9.906103
-9.791140
-8.507369
-7.175698
-7.281082
-7.587654
-7.357725
-8.239119
-8.392405
-7.980449
-7.788842
-8.430726
-9.963586
-9.944425
-9.072611
-9.034289
-8.401985
-8.967227
-8.612754
-7.223600
-7.798422
-9.666595
-10.049809
-8.258280
-7.664297
-7.022412
-6.112277
-6.179339
-7.185278
-7.903806
-8.363664
-8.708557
-8.612754
-8.449887
-8.009191
-7.922967
-8.124155
-7.855904
-7.721779
-7.788842
-6.217661
-6.840385
-8.239119
-7.290662
-8.325342
-10.413863
-9.532469
-7.520591
-7.204439
-6.926608
-6.926608
-6.802063
-6.380527
-7.156537
-7.520591
-7.079894
-7.731359
-9.149254
-8.948067
-6.390108
-6.677518
-7.673877
-7.645136
-8.248699
-6.677518
-6.313465
-7.252341
-7.319404
-7.108635
-6.150598
-5.460812
-7.099055
-8.488209
-6.917028
-5.930250
-6.342206
-7.511011
-9.168415
-7.970869
-6.179339
-6.821224
-7.367305
-6.265563
-5.020114
-5.547035
-6.035634
-5.652419
-6.083536
-6.533813
-6.131437
-5.690741
-5.614098
-5.575776
-5.432070
-5.365008
-5.336267
-5.326686
-5.317106
-5.317106
-5.307526
-4.445292
-5.154240
-5.240463
-3.927952
-4.914730
-5.125498
-3.870470
-3.659702
-5.518294
-6.275143
-4.895570
-4.866828
-5.844026
-4.818927
-4.339908
-4.981793
-4.914730
-5.125498
-4.608159
-4.857248
-4.972212
-4.292006
-4.224944
-4.071658
-4.368649
-4.253685
-4.569837
-5.460812
-4.636899
-4.502774
-5.173400
-5.738642
-6.620036
-4.694382
-3.544737
-4.493194
-4.186622
-3.803407
-2.883692
-3.199844
-4.205783
-4.426131
-4.531516
-3.228585
-2.749567
-4.483613
-5.297945
-4.560256
-3.975854
-3.822568
-3.630961
-3.669282
-3.803407
-3.496835
-3.487255
-3.353130
-3.171103
-3.324389
-3.525577
-3.621380
-2.433414
-2.251387
-2.653763
-2.107682
-2.337610
-3.314808
-4.253685
-3.468094
-3.219005
-4.339908
-3.995015
-3.841729
-2.902852
-2.222646
-3.745925
-4.339908
-5.106338
-4.847668
-2.634602
-1.484957
-1.801110
-1.341252
-2.720825
-4.474033
-2.950754
-3.104040
-3.669282
-3.688443
-4.062078
-2.759147
-2.893272
-3.812988
-3.257326
-3.372291
-3.056138
-3.151942
-2.835790
-1.331672
-1.484957
-1.801110
-1.341252
-1.609502
-2.845370
-4.157881
-3.420192
-2.462155
-2.998656
-3.860889
-4.387810
-4.023756
-3.477675
-3.353130
-3.535157
-3.372291
-3.305228
-3.266906
-2.883692
-2.950754
-3.343549
-3.286067
-2.031039
-2.308869
-3.046558
-2.414253
-3.219005
-4.953052
-5.269204
-3.688443
-3.075299
-3.286067
-3.755505
-4.090818
-2.768727
-1.916074
-2.739986
-3.621380
-4.771025
-4.320747
-2.510057
-2.529218
-2.787888
-2.653763
-2.960335
-2.989076
-3.736345
-4.828507
-3.860889
-2.912433
-4.186622
-5.403329
-5.719481
-4.636899
-3.889631
-4.771025
-5.671580
-5.844026
-4.330328
-3.496835
-3.851309
-4.138720
-4.023756
-3.238165
-2.864531
-1.954396
-0.795171
-1.235868
-3.286067
-4.732703
-3.937532
-2.950754
-3.343549
-3.908791
-3.793827
-3.745925
-3.717184
-3.707603
-3.458514
-3.094460
-3.171103
-3.199844
-1.992717
-1.676565
-1.772369
-1.197546
-2.165164
-4.454873
-5.163820
-3.765086
-3.113621
-3.305228
-2.902852
-2.835790
-3.046558
-3.027397
-3.257326
-3.372291
-4.157881
-5.393749
-4.981793
-3.429773
-2.960335
-2.979495
-2.874111
-3.439353
-2.471736
-1.159225
-2.270548
-2.414253
-2.605861
-3.927952
-3.927952
-3.190264
-2.605861
-3.190264
-4.196202
-5.039275
-3.956693
-2.347191
-2.328030
-2.442995
-2.989076
-2.136423
-1.369993
-1.992717
-2.653763
-2.232226
-1.542440
-1.705306
-3.381871
-4.531516
-3.592639
-2.912433
-2.471736
-2.136423
-2.356771
-2.826210
-2.797468
-2.414253
-2.366352
-2.462155
-1.398734
-1.398734
-2.625022
-2.577120
-1.829851
-1.475377
-2.165164
-1.868172
-1.369993
-2.241807
-2.280128
-2.174744
-1.264609
-0.105384
-1.647824
-1.887333
-2.979495
-5.202141
-4.157881
-2.433414
-1.877753
-2.481316
-3.008236
-3.247746
-2.510057
-2.155583
-2.979495
-2.749567
-2.146003
-2.730406
-3.985434
-3.832148
-3.391451
-3.554318
-2.280128
-1.437056
-2.519638
-3.266906
-2.021458
-1.322091
-1.484957
-0.325733
-1.015519
-3.056138
-3.774666
-3.487255
-1.753208
-0.210768
-0.843073
-1.868172
-1.858592
-1.484957
-1.312511
-1.360413
-1.379573
-1.264609
-0.967617
-0.948457
-1.187966
-1.178386
0.057482
0.881394
0.402376
-0.306572
-0.392795
0.670626
0.306572
-0.344893
-0.900555
-2.146003
-2.107682
-0.498179
-0.613144
-1.149644
-0.296991
-0.881394
-1.398734
-0.785590
-0.737689
0.134125
0.182027
-0.651465
-0.191607
0.153286
0.929296
0.919716
-0.067063
-1.015519
-0.852653
-0.153286
-0.574822
-1.005939
-0.843073
-0.766430
-0.124545
0.555661
0.134125
-0.680206
-0.076643
0.325733
0.268250
0.737689
-0.268250
-0.747269
-1.207127
-1.187966
0.421536
0.680206
-0.661046
-1.542440
-1.341252
-0.881394
-0.536501
-0.383215
-0.431117
-0.574822
-0.517340
-0.249090
-0.249090
-0.488599
0.134125
0.306572
0.881394
0.651465
-0.316152
0.708947
1.063421
0.249090
-0.498179
-0.728108
-0.593983
0.086223
0.526920
-0.249090
-1.350832
-0.756849
-0.239509
-1.101743
-1.504118
-0.584403
-0.277831
0.229929
1.695726
1.283770
1.331672
1.963976
1.034680
-1.235868
-1.935235
-0.785590
-0.622724
-0.785590
-0.373634
-0.431117
-0.938876
-1.801110
-1.954396
-1.159225
-0.670626
-0.689787
-0.699367
0.526920
1.101743
0.268250
0.364054
0.661046
-0.555661
-2.107682
-2.098101
-0.986778
-0.469438
-0.220349
0.009580
0.000000
0.000000
0.364054
0.536501
0.373634
-0.076643
-0.526920
0.479019
1.197546
0.929296
0.057482
-0.718528
0.268250
0.737689
0.095804
0.162866
-0.057482
-0.517340
0.737689
1.810690
0.843073
-0.958037
-1.312511
-1.111323
-0.641885
-0.182027
-0.699367
-0.584403
-1.015519
-2.318450
-2.931593
-1.743628
-0.325733
-0.402376
-0.076643
-0.411956
-1.542440
-1.590342
-0.498179
-0.603563
-1.274189
-0.229929
-0.852653
-1.389154
-0.776010
-0.613144
-0.172447
0.162866
0.929296
0.431117
-0.296991
0.469438
0.459858
-0.038321
-1.130484
-1.513699
-0.833492
-0.890975
-0.795171
-0.498179
-0.364054
-0.421536
-0.689787
-1.063421
-0.996359
-0.843073
-1.015519
0.134125
0.546081
0.373634
-0.689787
-1.925655
-0.411956
0.296991
0.258670
0.603563
-0.335313
-1.389154
-2.375932
-2.462155
-2.021458
-1.437056
0.057482
-0.095804
-0.910135
-1.293350
-1.590342
-1.849012
-2.222646
-2.519638
-2.529218
-1.801110
-1.954396
-2.270548
-0.938876
0.287411
0.258670
-0.498179
-1.216707
-1.676565
-2.260967
-1.916074
-1.638243
-2.366352
-2.586700
-3.180683
-3.698023
-3.573478
-2.778308
-1.791529
-1.456216
-1.053841
-0.986778
-0.958037
-2.299289
-2.797468
-1.801110
-1.829851
-1.724467
-1.791529
-2.069360
-2.328030
-2.318450
-2.318450
-2.318450
-2.433414
-2.615441
-1.714886
-1.791529
-2.069360
-2.452575
-2.500477
-1.542440
-2.328030
-1.954396
-1.532859
-1.944815
-1.159225
-1.657404
-2.375932
-2.462155
-2.625022
-3.075299
-3.286067
-2.155583
-2.117262
-2.596281
-3.056138
-3.640541
-2.931593
-2.481316
-2.395093
-2.471736
-3.123201
-3.678863
-3.324389
-4.014175
-5.077597
-3.975854
-3.084879
-3.659702
-5.029695
-4.809346
-2.864531
-2.816629
-3.908791
-4.042917
-3.736345
-2.481316
-1.896913
-3.717184
-5.805705
-5.412910
-3.765086
-3.113621
-2.557959
-2.308869
-2.922013
-3.583059
-4.014175
-4.215363
-4.186622
-4.292006
-4.588998
-4.608159
-4.493194
-4.435712
-3.305228
-4.014175
-5.690741
-5.738642
-6.370947
-6.907447
-6.054794
-4.799766
-4.090818
-4.866828
-6.696679
-7.060733
-5.020114
-3.209424
-3.343549
-4.148301
-4.282426
-3.228585
-3.477675
-3.717184
-4.694382
-5.882348
-5.087177
-5.451231
-7.099055
-6.390108
-4.588998
-5.345847
-5.939830
-5.479972
-5.508713
-4.665641
-4.761445
-6.035634
-6.390108
-5.815285
-4.684802
-5.010534
-6.150598
-7.424788
-7.405627
-6.658358
-7.041573
-7.721779
-7.913386
-6.150598
-4.847668
-5.958991
-7.702618
-7.654716
-6.533813
-6.006893
-6.006893
-5.997312
-5.633258
-5.336267
-5.202141
-5.259624
-5.288365
-5.422490
-4.502774
-4.809346
-5.939830
-6.466751
-6.093116
-5.671580
-7.204439
-6.926608
-5.700321
-6.227241
-6.964930
-7.060733
-5.757803
-5.154240
-5.853607
-5.690741
-5.729062
-6.246402
-5.738642
-4.895570
-5.355427
-6.323045
-7.376885
-7.386466
-5.422490
-4.991373
-6.399688
-7.788842
-7.319404
-5.757803
-6.629617
-7.031992
-6.974510
-6.581715
-5.652419
-6.208080
-7.942128
-8.267860
-6.447590
-5.594937
-6.303884
-8.478628
-9.130094
-6.600875
-5.661999
-6.332625
-7.022412
-7.338564
-5.882348
-5.211722
-5.757803
-5.767383
-5.891928
-6.313465
-6.390108
-6.179339
-5.958991
-6.102696
-6.543393
-6.495492
-5.250043
-4.541096
-5.077597
-6.677518
-6.936189
-5.202141
-5.135079
-5.844026
-6.917028
-7.903806
-6.888287
-4.818927
-4.464453
-5.776964
-5.278784
-5.297945
-5.547035
-3.947113
-4.550676
-6.926608
-9.015129
-9.379183
-7.453528
-5.939830
-5.604517
-5.939830
-6.093116
-6.294304
-6.265563
-5.882348
-6.687099
-6.323045
-5.288365
-5.671580
-5.106338
-5.585356
-6.917028
-7.779261
-7.817583
-6.236822
-5.987732
-7.223600
-7.060733
-5.757803
-5.767383
-6.380527
-7.166118
-6.294304
-6.141018
-7.175698
-6.792483
-6.744581
-6.840385
-6.763742
-6.476331
-6.102696
-6.169759
-6.208080
-6.093116
-6.045214
-4.790185
-4.943471
-6.495492
-7.338564
-7.242761
-7.683457
-9.494147
-8.986388
-7.635556
-7.127796
-6.160179
-5.949410
-5.365008
-5.700321
-6.964930
-7.558913
-8.698977
-7.999610
-5.824865
-4.445292
-6.131437
-7.051153
-6.370947
-6.294304
-7.003251
-7.204439
-6.198500
-6.706260
-7.070314
-7.731359
-8.162477
-7.003251
-5.978151
-5.872767
-6.926608
-7.903806
-6.648777
-4.454873
-3.803407
-5.221302
-6.380527
-6.179339
-4.972212
-5.891928
-8.287021
-7.309823
-6.236822
-6.485911
-6.840385
-6.888287
-6.294304
-6.141018
-6.064375
-6.150598
-6.438009
-6.457170
-6.332625
-6.399688
-6.677518
-6.562554
-4.914730
-5.000954
-6.514652
-6.859546
-6.284723
-6.131437
-7.539752
-7.089475
-6.265563
-6.246402
-6.974510
-8.057092
-6.102696
-5.068016
-5.939830
-5.853607
-6.917028
-6.552974
-4.905150
-4.876409
-5.594937
-5.690741
-6.102696
-6.169759
-5.221302
-5.882348
-5.815285
-5.911089
-6.696679
-6.323045
-6.275143
-6.869126
-7.884645
-7.616395
-6.390108
-6.303884
-6.629617
-6.907447
-6.179339
-5.958991
-6.600875
-5.911089
-5.958991
-5.738642
-6.246402
-7.223600
-6.208080
-6.342206
-7.760100
-7.808002
-7.214019
-6.936189
-6.313465
-5.901508
-5.958991
-6.102696
-6.294304
-6.629617
-6.782903
-6.370947
-5.068016
-4.953052
-5.508713
-6.265563
-7.108635
-6.888287
-7.520591
-7.693038
-7.405627
-7.146957
-5.796124
-5.048855
-6.045214
-8.239119
-7.903806
-6.639197
-6.552974
-6.993671
-7.328984
-6.131437
-6.303884
-6.639197
-6.917028
-7.041573
-5.135079
-5.470392
-7.482270
-8.172056
-7.999610
-6.562554
-5.029695
-4.809346
-5.441651
-5.374588
-5.834446
-6.169759
-4.483613
-4.675221
-6.246402
-6.112277
-6.667938
-6.802063
-5.269204
-6.150598
-8.900165
-8.833102
-6.706260
-6.208080
-7.702618
-8.267860
-7.798422
-7.453528
-7.051153
-6.984090
-7.319404
-7.721779
-7.664297
-7.386466
-7.137376
-6.782903
-5.508713
-5.527874
-6.275143
-6.869126
-7.635556
-6.888287
-7.396046
-8.373244
-7.970869
-8.277440
-7.922967
-6.409268
-6.562554
-7.367305
-6.390108
-5.815285
-6.399688
-5.690741
-5.489552
-6.255982
-7.348145
-7.980449
-7.166118
-6.054794
-6.275143
-7.108635
-6.639197
-6.792483
-6.984090
-6.581715
-7.376885
-7.137376
-6.284723
-6.380527
-6.418849
-7.798422
-7.578074
-6.361366
-6.418849
-5.700321
-5.614098
-6.677518
-7.060733
-6.370947
-6.917028
-7.530171
-8.679816
-9.465406
-7.127796
-6.160179
-6.936189
-6.926608
-6.926608
-7.166118
-7.281082
-7.587654
-7.970869
-8.028351
-8.181637
-8.124155
-6.505072
-5.748222
-6.370947
-7.156537
-7.520591
-7.578074
-8.459468
-7.511011
-6.706260
-7.319404
-7.233180
-7.558913
-6.725420
-6.830804
-7.616395
-5.652419
-5.594937
-6.428429
-5.958991
-6.476331
-7.328984
-6.620036
-6.294304
-6.265563
-5.997312
-7.357725
-7.252341
-7.194859
-8.162477
-7.999610
-8.162477
-7.999610
-8.536111
-8.660655
-7.740940
-8.660655
-10.193515
-9.063031
-6.811644
-7.367305
-8.603173
-9.551630
-10.615051
-9.628273
-8.430726
-7.875065
-8.842683
-10.155193
-8.555271
-7.683457
-8.258280
-8.162477
-7.999610
-8.287021
-8.421146
-7.990029
-7.913386
-7.999610
-8.037931
-8.306182
-7.204439
-7.300243
-7.961288
-8.018770
-7.808002
-8.564852
-10.519247
-9.340861
-8.057092
-8.804361
-8.421146
-7.740940
-8.287021
-9.657014
-10.040229
-8.995968
-8.871424
-10.289318
-11.323998
-9.714497
-8.718138
-8.871424
-7.712199
-7.664297
-7.760100
-7.932547
-8.373244
-9.321701
-9.398344
-8.325342
-9.302540
-8.526530
-7.424788
-8.143315
-7.616395
-7.491850
-8.047512
-8.928905
-8.967227
-7.999610
-8.660655
-9.944425
-11.161132
-9.762398
-8.986388
-9.360023
-9.781559
-10.595890
-8.382825
-6.993671
-7.817583
-8.564852
-8.794781
-8.785200
-8.651075
-8.229539
-7.654716
-7.511011
-8.057092
-8.191217
-7.271502
-6.351786
-5.920669
-6.457170
-6.581715
-7.750520
-9.771978
-9.484568
-8.488209
-8.018770
-8.421146
-8.114574
-6.620036
-7.031992
-8.574432
-9.292960
-9.254639
-7.520591
-6.830804
-7.980449
-9.503728
-9.110932
-8.440307
-9.225897
-9.963586
-8.957647
-6.888287
-7.271502
-7.204439
-7.300243
-7.472689
-8.651075
-10.068970
-8.392405
-8.104994
-8.584012
-7.702618
-7.290662
-6.849965
-7.012832
-7.089475
-7.127796
-7.760100
-6.945769
-6.073955
-6.275143
-7.357725
-7.491850
-7.309823
-8.085834
-8.085834
-7.836743
-7.712199
-7.664297
-7.760100
-7.808002
-7.587654
-7.357725
-7.616395
-7.740940
-6.073955
-5.671580
-6.955349
-7.798422
-7.453528
-5.575776
-6.543393
-8.229539
-8.152896
-8.354083
-7.472689
-6.687099
-7.434368
-8.881004
-9.436666
-7.970869
-7.654716
-9.484568
-10.088131
-8.401985
-7.855904
-8.344503
-7.587654
-8.095413
-7.961288
-7.041573
-6.984090
-7.319404
-8.957647
-8.488209
-6.543393
-6.131437
-6.926608
-7.166118
-7.281082
-6.964930
-6.696679
-7.558913
-7.463109
-6.198500
-5.719481
-7.472689
-8.775620
-7.539752
-6.840385
-7.252341
-7.817583
-8.689397
-7.625975
-6.514652
-6.849965
-6.763742
-6.725420
-6.830804
-6.514652
-6.485911
-6.591295
-6.524233
-6.370947
-6.045214
-5.039275
-5.556615
-6.773322
-6.246402
-6.236822
-7.214019
-7.185278
-6.064375
-6.026053
-5.767383
-6.141018
-6.438009
-5.834446
-7.031992
-7.472689
-6.811644
-6.744581
-6.715840
-6.821224
-5.527874
-5.163820
-5.614098
-4.838088
-5.087177
-4.598578
-4.119559
-4.761445
-6.409268
-6.926608
-6.064375
-6.160179
-7.060733
-7.721779
-6.677518
-6.562554
-6.754161
-6.236822
-6.600875
-5.422490
-4.991373
-6.390108
-7.779261
-8.057092
-5.853607
-5.939830
-7.079894
-6.869126
-6.533813
-5.882348
-5.700321
-5.987732
-5.997312
-5.748222
-5.757803
-5.642838
-5.345847
-5.202141
-5.508713
-5.642838
-5.345847
-4.828507
-5.336267
-5.690741
-5.853607
-6.428429
-5.585356
-4.818927
-5.211722
-5.633258
-5.211722
-4.895570
-5.125498
-5.844026
-5.307526
-3.956693
-4.186622
-3.678863
-3.937532
-5.029695
-5.920669
-6.945769
-6.198500
-5.719481
-5.872767
-6.313465
-7.750520
-7.309823
-6.495492
-6.476331
-5.853607
-5.326686
-3.966274
-4.186622
-4.914730
-5.489552
-5.757803
-4.167461
-4.282426
-4.339908
-2.768727
-2.529218
-4.014175
-4.703962
-4.780605
-4.694382
-5.144659
-6.217661
-5.489552
-4.780605
-4.818927
-4.588998
-4.608159
-4.732703
-4.675221
-4.646480
-4.751864
-4.809346
-4.828507
-4.598578
-4.483613
-3.573478
-3.765086
-4.588998
-4.234524
-4.684802
-5.757803
-5.891928
-4.838088
-4.847668
-4.972212
-5.403329
-5.604517
-5.326686
-6.303884
-5.776964
-4.541096
-3.851309
-3.765086
-3.487255
-3.717184
-5.058436
-4.703962
-4.531516
-4.828507
-5.211722
-5.508713
-3.927952
-3.927952
-5.403329
-5.106338
-4.972212
-3.927952
-3.678863
-3.573478
-3.640541
-4.656060
-4.636899
-4.876409
-5.968571
-6.236822
-4.387810
-4.023756
-4.215363
-3.573478
-3.142362
-4.665641
-5.623678
-3.611800
-3.046558
-3.630961
-3.793827
-3.985434
-3.832148
-3.515996
-3.611800
-3.774666
-3.736345
-3.966274
-4.311167
-4.109979
-2.414253
-2.730406
-3.247746
-2.500477
-1.906494
-2.864531
-4.790185
-4.205783
-4.062078
-4.732703
-5.661999
-5.958991
-4.014175
-3.353130
-4.521935
-5.068016
-4.703962
-2.941174
-2.356771
-3.075299
-5.000954
-5.537455
-3.209424
-2.979495
-4.349488
-3.880050
-2.308869
-2.184325
-2.864531
-2.692084
-2.126842
-3.084879
-4.646480
-4.627319
-4.004595
-3.841729
-4.014175
-4.953052
-4.406971
-2.797468
-2.912433
-4.809346
-5.202141
-3.046558
-2.902852
-3.084879
-3.410612
-3.812988
-3.132781
-3.314808
-3.640541
-3.918372
-4.167461
-4.292006
-3.975854
-3.333969
-3.525577
-4.234524
-4.186622
-4.052497
-2.759147
-2.644182
-3.822568
-3.630961
-3.784246
-4.972212
-5.891928
-4.349488
-3.266906
-3.745925
-4.215363
-5.288365
-4.809346
-4.464453
-5.403329
-4.617739
-4.244104
-3.707603
-1.494538
-0.699367
-2.050199
-1.705306
-1.666985
-2.874111
-2.088521
-2.452575
-3.985434
-4.569837
-3.736345
-1.877753
-2.107682
-3.573478
-4.876409
-4.493194
-3.084879
-3.908791
-5.269204
-4.924311
-3.659702
-3.065719
-3.161522
-4.426131
-3.918372
-2.442995
-2.989076
-2.510057
-2.155583
-2.979495
-3.726764
-4.081238
-3.630961
-3.544737
-3.621380
-3.295648
-3.017817
-3.506416
-3.477675
-3.353130
-3.410612
-3.314808
-2.538798
-2.050199
-2.797468
-3.401032
-3.065719
-3.774666
-5.700321
-5.000954
-4.177042
-4.905150
-5.125498
-6.083536
-5.547035
-4.311167
-4.598578
-3.630961
-3.669282
-4.177042
-3.554318
-3.630961
-4.282426
-3.726764
-2.969915
-2.864531
-2.692084
-3.602220
-4.387810
-5.000954
-5.288365
-3.707603
-2.960335
-3.975854
-5.671580
-5.729062
-4.771025
-5.307526
-6.045214
-5.652419
-3.995015
-2.854951
-1.829851
-1.963976
-2.768727
-2.519638
-3.276487
-3.745925
-3.477675
-3.592639
-2.912433
-2.720825
-2.998656
-3.247746
-3.736345
-3.966274
-4.196202
-4.541096
-4.464453
-4.177042
-4.167461
-4.167461
-3.420192
-3.448934
-3.947113
-3.324389
-3.525577
-5.460812
-6.610456
-4.560256
-3.362710
-4.157881
-5.144659
-4.742284
-2.586700
-3.056138
-4.253685
-4.330328
-4.857248
-3.995015
-2.356771
-2.337610
-3.314808
-3.266906
-3.745925
-3.966274
-3.583059
-3.640541
-2.567539
-2.682504
-3.592639
-3.401032
-3.803407
-4.732703
-4.799766
-4.090818
-4.004595
-3.343549
-3.286067
-4.493194
-4.311167
-3.611800
-3.161522
-2.222646
-2.021458
-2.548379
-3.899211
-4.157881
-2.807049
-3.036978
-5.106338
-5.958991
-4.991373
-4.550676
-4.090818
-4.004595
-4.330328
-4.608159
-4.493194
-4.320747
-4.359069
-4.378230
-3.036978
-2.893272
-2.835790
-2.059780
-2.442995
-2.739986
-3.745925
-3.477675
-3.104040
-3.908791
-3.678863
-3.439353
-3.947113
-5.163820
-5.738642
-4.282426
-4.464453
-6.265563
-6.370947
-5.317106
-5.068016
-4.828507
-5.326686
-5.441651
-3.650121
-3.554318
-3.506416
-3.975854
-5.307526
-4.694382
-4.771025
-5.547035
-6.035634
-6.505072
-6.236822
-6.361366
-6.782903
-7.472689
-6.936189
-6.064375
-5.911089
-4.483613
-4.311167
-5.211722
-6.370947
-6.169759
-4.109979
-3.889631
-6.006893
-6.984090
-6.217661
-5.738642
-5.508713
-5.278784
-4.924311
-5.010534
-5.297945
-5.058436
-4.953052
-5.144659
-3.880050
-3.410612
-3.439353
-2.969915
-3.113621
-3.305228
-4.129140
-4.263265
-4.330328
-4.857248
-4.608159
-4.857248
-5.470392
-5.633258
-5.211722
-4.521935
-4.081238
-3.266906
-3.621380
-3.659702
-3.563898
-4.253685
-4.320747
-4.857248
-4.732703
-4.426131
-4.042917
-3.736345
-4.205783
-5.163820
-6.102696
-5.068016
-3.841729
-4.502774
-4.196202
-4.301587
-4.349488
-4.368649
-5.240463
-4.790185
-4.579417
-5.211722
-5.508713
-4.416551
-4.282426
-5.441651
-5.000954
-4.675221
-5.508713
-5.642838
-5.585356
-5.441651
-5.374588
-5.336267
-5.202141
-5.010534
-4.799766
-4.703962
-4.905150
-5.250043
-4.292006
-3.851309
-4.263265
-4.081238
-3.880050
-4.148301
-4.646480
-3.410612
-3.439353
-4.684802
-4.531516
-5.192561
-6.246402
-6.600875
-6.897867
-7.031992
-6.476331
-6.476331
-7.942128
-7.769681
-6.945769
-6.562554
-5.891928
-5.709901
-5.000954
-5.039275
-5.805705
-6.150598
-5.824865
-5.058436
-4.953052
-5.144659
-4.866828
-5.221302
-5.767383
-6.141018
-5.087177
-4.339908
-5.594937
-5.441651
-5.125498
-5.844026
-6.543393
-6.370947
-5.930250
-5.719481
-5.259624
-5.652419
-5.345847
-4.962632
-5.518294
-5.163820
-5.000954
-5.163820
-5.115918
-4.972212
-5.154240
-5.230883
-5.154240
-5.115918
-3.860889
-3.525577
-3.860889
-4.023756
-4.588998
-4.359069
-4.751864
-5.173400
-5.125498
-5.470392
-4.771025
-3.333969
-3.774666
-5.460812
-5.499133
-4.780605
-4.205783
-4.186622
-4.416551
-3.535157
-3.496835
-4.100399
-3.515996
-2.874111
-3.314808
-4.129140
-4.023756
-3.851309
-4.387810
-3.650121
-3.554318
-4.368649
-3.765086
-4.215363
-4.426131
-3.420192
-3.688443
-3.822568
-2.529218
-2.414253
-2.605861
-1.963976
-2.768727
-2.768727
-2.404673
-2.969915
-2.739986
-3.132781
-3.678863
-3.439353
-3.583059
-3.401032
-3.065719
-3.027397
-3.266906
-3.372291
-3.420192
-3.698023
-3.573478
-3.515996
-2.759147
-2.280128
-2.787888
-3.266906
-3.132781
-2.941174
-3.592639
-2.787888
-1.676565
-2.136423
-3.333969
-3.899211
-2.557959
-1.571181
-3.075299
-5.250043
-5.652419
-3.506416
-1.638243
-2.490896
-4.119559
-3.650121
-2.452575
-2.126842
-2.845370
-2.931593
-1.619083
-1.379573
-1.504118
-1.810690
-3.065719
-3.036978
-2.404673
-2.356771
-1.724467
-2.165164
-2.117262
-1.484957
-1.063421
-1.120903
-1.389154
-1.149644
-2.136423
-2.845370
-3.056138
-2.912433
-3.209424
-3.228585
-2.002298
-1.427475
-1.781949
-1.944815
-1.523279
-1.580761
-1.724467
-1.666985
-1.523279
-1.331672
-1.235868
-1.446636
-0.555661
0.105384
0.536501
0.249090
-0.996359
-1.331672
-1.973556
-1.542440
-1.590342
-2.098101
-1.235868
-0.708947
-0.699367
-1.935235
-2.625022
-1.849012
-1.973556
-2.644182
-1.484957
0.287411
0.249090
-0.258670
-1.101743
-1.255029
0.756849
1.207127
-0.296991
-1.983137
-3.640541
-2.193905
0.316152
-0.344893
-2.375932
-2.835790
-2.308869
-1.082582
0.344893
-0.823912
-2.356771
-2.337610
-2.692084
-1.140064
0.574822
-0.593983
-1.389154
0.086223
0.028741
-0.843073
-1.015519
-1.580761
-1.484957
-1.187966
-0.929296
-0.689787
-0.574822
-0.392795
-0.191607
-0.095804
-0.172447
-0.574822
0.210768
0.344893
-0.823912
-1.005939
-1.341252
-1.858592
-1.609502
-0.881394
-0.047902
0.708947
1.063421
0.000000
0.114964
0.910135
-0.440697
-0.699367
-0.210768
-0.229929
0.747269
1.207127
0.929296
0.306572
-0.479019
0.019161
0.986778
0.823912
0.871814
0.651465
-0.565242
-0.392795
0.182027
-0.287411
-1.609502
-1.130484
0.086223
0.153286
-1.159225
-2.510057
-1.791529
-0.843073
-0.402376
-0.929296
-1.053841
0.239509
0.718528
0.086223
0.277831
0.249090
-0.373634
0.067063
0.766430
0.718528
0.584403
0.632304
0.661046
0.431117
0.201188
0.335313
0.641885
0.910135
1.896913
2.117262
1.475377
1.053841
1.714886
1.532859
0.833492
2.107682
1.475377
0.191607
1.437056
2.385512
1.724467
0.555661
0.134125
0.795171
1.226287
1.427475
1.159225
0.411956
-0.546081
-0.747269
0.871814
3.104040
3.659702
2.807049
2.538798
2.165164
1.619083
2.471736
2.500477
1.168805
0.546081
0.373634
1.149644
2.375932
2.213066
1.762788
2.050199
1.571181
1.465797
2.280128
2.902852
3.563898
3.745925
3.219005
2.605861
2.442995
2.854951
2.682504
1.858592
1.599922
1.609502
1.609502
1.609502
1.973556
2.146003
1.858592
1.849012
1.839431
2.826210
3.525577
3.238165
2.854951
3.295648
3.995015
2.845370
2.433414
2.730406
2.126842
2.835790
4.387810
3.889631
2.672924
2.845370
2.433414
1.868172
2.586700
2.318450
1.197546
1.168805
1.159225
1.772369
3.161522
3.688443
3.803407
4.234524
4.301587
3.228585
3.104040
2.922013
2.337610
2.318450
1.695726
1.159225
1.887333
2.481316
1.647824
1.015519
0.967617
0.938876
2.280128
3.027397
2.883692
3.190264
2.711245
2.864531
4.282426
3.956693
2.213066
1.887333
2.107682
2.203485
2.251387
2.155583
2.232226
2.270548
2.040619
2.050199
2.308869
3.535157
3.611800
2.423834
2.232226
2.510057
2.644182
2.826210
3.774666
4.090818
3.995015
5.297945
5.173400
3.142362
1.954396
2.260967
2.404673
2.471736
3.113621
2.557959
1.561600
1.341252
0.622724
0.900555
2.385512
3.190264
3.947113
4.914730
4.742284
4.550676
5.317106
4.933891
3.889631
3.410612
2.941174
2.596281
3.669282
3.554318
2.146003
1.858592
3.563898
4.244104
3.947113
3.927952
3.793827
4.598578
3.860889
2.174744
1.619083
2.596281
2.682504
2.481316
3.123201
3.171103
2.701665
2.605861
3.180683
3.573478
3.381871
3.046558
3.017817
3.985434
3.822568
3.381871
3.420192
3.429773
5.039275
5.297945
4.062078
3.123201
2.807049
3.515996
3.975854
3.563898
3.132781
2.567539
1.935235
1.025100
2.318450
3.659702
2.807049
2.778308
2.395093
3.199844
4.933891
5.250043
4.406971
3.899211
4.148301
3.410612
4.042917
5.202141
4.636899
4.981793
5.144659
3.621380
3.286067
3.860889
3.765086
3.353130
4.387810
4.751864
3.314808
3.506416
4.953052
6.361366
6.035634
4.656060
4.129140
5.000954
5.278784
4.799766
4.933891
5.125498
5.345847
5.441651
5.240463
5.020114
5.039275
4.924311
4.876409
5.844026
6.045214
5.154240
4.732703
4.790185
5.920669
5.585356
4.694382
4.885989
4.857248
5.585356
6.169759
5.326686
3.956693
3.439353
2.586700
2.433414
4.320747
4.713542
3.544737
2.634602
1.839431
2.577120
3.908791
4.272845
5.182981
5.240463
4.282426
3.343549
3.276487
3.247746
2.989076
4.100399
3.880050
1.561600
1.092162
2.845370
3.784246
3.726764
3.573478
2.893272
4.052497
4.962632
4.033336
4.454873
4.042917
2.126842
2.098101
3.927952
4.042917
3.477675
3.956693
4.426131
4.885989
5.106338
4.953052
4.885989
4.732703
4.665641
4.751864
5.661999
5.221302
5.135079
5.585356
5.432070
5.604517
4.943471
5.987732
6.361366
5.547035
6.763742
7.328984
6.246402
5.489552
5.010534
5.039275
5.786544
6.141018
5.068016
4.205783
4.177042
3.295648
3.381871
5.010534
4.914730
4.129140
4.512355
4.684802
4.646480
4.991373
5.154240
3.870470
3.650121
3.793827
2.625022
3.429773
3.937532
2.941174
2.107682
2.213066
2.375932
4.062078
5.336267
4.445292
4.780605
5.297945
6.275143
5.748222
3.784246
2.625022
2.577120
3.036978
3.132781
3.056138
2.653763
2.835790
3.286067
3.247746
2.989076
3.113621
4.771025
5.173400
5.115918
5.460812
4.761445
5.048855
4.320747
3.238165
2.241807
1.408315
3.487255
5.307526
4.684802
3.774666
3.228585
3.353130
2.912433
2.462155
2.500477
2.634602
2.826210
1.925655
2.251387
2.270548
1.916074
1.992717
2.768727
4.483613
3.812988
1.408315
1.025100
2.682504
2.969915
2.490896
1.283770
0.344893
1.389154
1.992717
1.417895
1.772369
2.174744
3.468094
4.445292
3.420192
2.701665
2.730406
2.625022
3.429773
4.052497
3.113621
2.557959
2.299289
2.174744
1.877753
1.734047
1.666985
1.638243
1.619083
1.609502
1.734047
3.381871
4.033336
2.979495
2.615441
2.692084
3.219005
2.605861
1.580761
1.839431
2.701665
3.592639
4.742284
4.426131
3.046558
2.280128
0.689787
-1.034680
-0.239509
0.862233
0.402376
0.306572
0.632304
1.647824
2.117262
1.101743
-0.220349
0.134125
1.532859
1.944815
1.638243
0.881394
0.776010
0.977198
0.699367
1.063421
1.235868
1.676565
1.887333
1.120903
1.140064
0.776010
-0.134125
-0.804751
0.603563
2.739986
2.500477
1.408315
0.411956
1.168805
2.260967
1.666985
1.264609
0.958037
0.565242
0.756849
0.843073
0.881394
0.900555
0.421536
0.191607
1.437056
1.896913
0.756849
0.354474
0.776010
2.078940
2.318450
1.935235
1.513699
0.823912
2.471736
2.989076
1.513699
0.823912
0.383215
0.057482
-0.105384
0.440697
1.187966
1.532859
1.571181
1.465797
1.417895
1.025100
0.479019
-0.392795
-0.804751
0.728108
1.073002
-1.226287
-2.414253
-1.379573
-0.038321
-0.268250
-0.622724
-1.159225
-0.919716
-0.191607
-1.073002
-0.507760
-0.488599
-1.944815
-1.159225
0.191607
0.574822
-0.220349
-0.718528
-0.584403
-0.038321
0.718528
0.335313
0.402376
0.306572
0.143706
-0.057482
0.086223
0.277831
0.000000
0.239509
0.479019
1.322091
1.350832
0.019161
0.000000
0.737689
-0.766430
-1.590342
-0.383215
-0.057482
-0.277831
-0.622724
0.565242
1.734047
0.804751
-0.488599
-0.603563
-0.536501
0.479019
1.446636
0.919716
0.919716
1.532859
1.207127
0.804751
0.498179
-0.019161
-0.498179
-1.590342
-1.609502
-0.143706
0.910135
0.296991
0.009580
0.862233
0.517340
-0.134125
0.182027
-0.038321
-0.392795
-1.293350
-2.337610
-0.728108
1.005939
0.843073
0.517340
-0.747269
-0.728108
-0.344893
-0.162866
0.526920
-0.124545
-0.555661
-0.383215
-0.191607
-0.335313
-0.651465
-0.555661
-0.268250
-0.373634
-0.306572
1.207127
2.155583
1.983137
1.168805
-0.076643
0.699367
1.053841
-0.613144
-2.011878
-2.787888
-1.561600
0.737689
0.958037
0.316152
0.517340
-0.134125
-0.795171
-0.258670
0.000000
0.613144
1.140064
0.411956
0.191607
-0.038321
-0.756849
-0.728108
-0.105384
0.689787
0.076643
-1.571181
-1.849012
-0.996359
-0.833492
-1.504118
-1.810690
-0.603563
0.814332
0.258670
-0.373634
0.431117
-0.047902
-1.619083
-1.255029
-0.469438
-0.833492
-1.753208
-1.801110
-1.829851
-1.849012
-1.235868
-1.322091
-1.111323
-0.651465
-0.431117
-0.450277
-0.584403
-0.890975
-0.795171
-0.622724
-0.910135
0.057482
0.756849
-0.143706
-0.929296
-1.916074
-0.900555
0.067063
-1.197546
-2.404673
-2.730406
-1.159225
-0.172447
-0.335313
-0.900555
-1.896913
-1.504118
-1.695726
-3.870470
-4.761445
-3.084879
-1.446636
-1.542440
-1.465797
-2.040619
-3.171103
-3.448934
-3.832148
-3.391451
-2.567539
-1.944815
-1.896913
-1.379573
-2.251387
-3.391451
-1.829851
-1.235868
-2.299289
-3.295648
-3.017817
-2.270548
-3.036978
-4.253685
-3.956693
-3.324389
-2.912433
-2.960335
-4.215363
-4.799766
-3.841729
-3.151942
-3.190264
-2.969915
-2.989076
-2.998656
-2.998656
-3.372291
-3.669282
-3.812988
-3.745925
-3.717184
-2.854951
-2.193905
-2.011878
-2.299289
-3.046558
-2.529218
-2.663343
-3.333969
-4.636899
-5.738642
-4.646480
-4.512355
-4.684802
-3.669282
-3.190264
-3.707603
-3.707603
-3.458514
-4.071658
-3.381871
-3.180683
-4.071658
-3.630961
-3.908791
-5.154240
-5.240463
-4.780605
-5.307526
-5.681160
-3.880050
-3.046558
-4.866828
-5.470392
-5.633258
-6.323045
-5.901508
-5.096757
-5.211722
-5.144659
-4.119559
-4.876409
-5.355427
-5.326686
-6.179339
-5.834446
-6.418849
-8.401985
-9.331282
-7.798422
-6.715840
-6.945769
-6.323045
-6.026053
-6.265563
-6.246402
-5.997312
-5.748222
-5.642838
-6.073955
-6.897867
-5.930250
-5.106338
-4.962632
-5.154240
-5.853607
-5.566195
-5.681160
-6.591295
-7.875065
-8.593593
-8.191217
-6.897867
-6.294304
-7.118216
-8.737298
-9.494147
-9.848621
-8.536111
-6.687099
-6.811644
-7.242761
-8.296601
-8.545691
-7.434368
-6.917028
-7.166118
-6.792483
-6.984090
-7.693038
-9.130094
-10.777917
-10.078550
-9.139674
-9.551630
-10.116872
-10.500087
-9.819880
-9.503728
-10.097711
-9.388763
-8.938486
-8.104994
-6.620036
-6.533813
-7.357725
-7.367305
-8.239119
-8.766040
-8.277440
-8.660655
-8.967227
-9.350442
-9.532469
-9.618692
-9.781559
-9.733657
-9.580371
-9.398344
-9.302540
-9.877362
-9.168415
-8.459468
-9.120513
-9.177996
-9.206737
-10.691694
-12.368258
-11.429382
-9.886943
-9.532469
-9.245058
-9.973166
-9.944425
-10.049809
-11.333579
-10.825819
-11.448544
-12.847278
-12.023366
-10.777917
-10.193515
-10.298899
-11.448544
-11.985044
-10.394703
-9.398344
-10.049809
-10.720435
-10.538408
-8.727718
-8.871424
-10.662952
-11.247355
-12.013785
-12.617349
-11.668892
-10.864141
-11.831758
-11.304838
-10.327640
-10.605471
-10.605471
-11.343160
-10.212675
-8.957647
-9.839041
-10.001907
-10.078550
-11.228195
-11.515606
-10.538408
-9.963586
-9.695335
-9.570790
-9.513309
-9.484568
-9.599532
-9.283380
-8.881004
-8.823522
-7.194859
-6.926608
-7.664297
-8.009191
-9.647433
-11.266517
-12.272455
-11.017426
-9.570790
-9.139674
-9.436666
-10.068970
-8.507369
-7.664297
-9.848621
-11.850919
-11.927562
-10.365961
-10.001907
-11.065329
-11.927562
-11.352739
-9.973166
-10.068970
-10.969524
-10.777917
-10.318060
-10.480926
-10.547989
-9.848621
-8.287021
-7.922967
-9.609112
-11.122810
-12.205393
-13.565805
-12.234134
-9.771978
-8.746879
-8.392405
-8.469048
-10.107291
-11.352739
-10.222256
-9.197156
-8.603173
-8.938486
-9.839041
-9.264218
-9.005548
-9.369603
-9.915684
-10.164774
-9.781559
-10.107291
-10.500087
-10.318060
-10.107291
-10.375542
-10.375542
-8.785200
-9.015129
-9.618692
-8.919326
-10.193515
-13.000564
-14.178949
-11.908401
-10.231836
-10.921623
-10.998266
-10.547989
-10.576730
-10.844980
-11.209034
-10.768337
-10.931203
-12.234134
-12.847278
-11.898821
-11.209034
-11.506025
-10.787498
-10.442604
-9.551630
-8.890584
-10.059389
-10.480926
-11.534766
-13.249653
-12.464063
-11.103650
-11.218615
-11.506025
-11.764695
-12.626929
-11.927562
-11.592249
-13.038885
-12.732313
-12.214973
-13.211331
-14.408878
-13.125108
-12.272455
-12.253295
-10.883302
-10.979105
-13.000564
-14.063985
-13.326296
-12.617349
-12.655670
-12.789795
-12.492804
-12.109589
-12.052107
-12.387420
-12.550286
-12.253295
-11.007846
-11.046167
-11.917981
-11.343160
-10.337220
-10.116872
-10.873721
-10.730016
-10.662952
-11.132391
-11.841338
-12.655670
-12.176652
-11.956303
-13.086786
-14.226851
-15.501040
-15.970478
-13.853216
-11.879660
-11.448544
-11.371901
-11.094069
-10.097711
-9.752818
-11.074909
-12.052107
-12.272455
-12.243714
-10.883302
-10.615051
-11.477284
-12.617349
-13.881958
-13.728672
-14.523843
-16.123764
-15.520201
-13.393358
-12.895180
-12.780215
-11.994624
-12.243714
-12.358679
-12.531125
-12.004205
-10.643792
-11.362320
-13.661609
-13.996922
-12.808956
-12.377839
-11.927562
-11.343160
-11.199453
-11.381481
-11.707213
-11.611409
-11.323998
-11.314418
-9.839041
-9.762398
-10.950364
-11.017426
-11.534766
-11.295258
-11.295258
-11.429382
-11.237775
-11.515606
-11.649731
-11.343160
-10.461765
-10.049809
-10.107291
-10.250997
-11.055748
-10.203095
-10.049809
-10.969524
-11.391061
-12.818537
-12.377839
-9.839041
-9.015129
-9.379183
-9.053451
-9.149254
-8.823522
-7.568493
-8.334923
-10.164774
-10.394703
-10.883302
-11.228195
-9.417504
-7.836743
-8.085834
-8.325342
-9.427085
-9.570790
-7.539752
-8.564852
-10.394703
-10.011488
-10.701274
-9.666595
-7.836743
-8.708557
-10.222256
-10.433024
-9.906103
-9.666595
-9.551630
-9.503728
-9.724076
-9.829460
-9.503728
-9.360023
-9.407925
-8.085834
-7.712199
-8.890584
-8.948067
-8.603173
-7.961288
-8.018770
-8.421146
-8.603173
-8.689397
-8.114574
-7.846324
-8.334923
-9.551630
-10.116872
-9.149254
-8.325342
-9.551630
-10.480926
-9.321701
-9.149254
-9.561211
-9.139674
-9.427085
-8.833102
-7.693038
-8.641495
-9.934845
-10.662952
-9.283380
-7.654716
-8.373244
-9.819880
-10.241417
-9.944425
-9.072611
-8.909745
-10.557569
-9.973166
-9.082191
-9.532469
-9.005548
-8.756459
-8.392405
-8.104994
-8.459468
-8.995968
-9.618692
-8.919326
-8.469048
-8.995968
-9.245058
-9.235477
-9.110932
-9.168415
-9.321701
-9.398344
-9.063031
-8.909745
-9.321701
-8.536111
-8.536111
-8.172056
-7.012832
-7.712199
-8.890584
-9.561211
-8.526530
-7.424788
-7.769681
-7.932547
-8.871424
-9.427085
-9.082191
-9.647433
-9.177996
-8.708557
-7.635556
-7.625975
-8.976808
-9.110932
-9.292960
-9.379183
-9.666595
-8.325342
-6.102696
-5.920669
-7.808002
-8.689397
-7.127796
-6.533813
-8.957647
-10.576730
-9.484568
-8.363664
-7.846324
-8.095413
-7.961288
-7.530171
-8.066672
-7.214019
-6.811644
-7.367305
-7.252341
-8.555271
-7.932547
-6.658358
-7.415207
-8.382825
-8.344503
-7.712199
-7.539752
-7.328984
-7.233180
-7.194859
-6.802063
-6.620036
-6.907447
-6.667938
-6.188920
-5.230883
-5.393749
-6.093116
-5.671580
-6.342206
-7.884645
-7.367305
-5.163820
-4.627319
-5.853607
-7.166118
-7.530171
-6.217661
-5.978151
-6.974510
-7.434368
-8.028351
-6.696679
-6.821224
-7.367305
-6.390108
-6.188920
-5.470392
-5.508713
-6.505072
-5.987732
-4.895570
-4.751864
-4.311167
-4.349488
-4.244104
-5.182981
-6.849965
-6.648777
-6.054794
-6.639197
-7.156537
-7.156537
-6.169759
-5.585356
-5.068016
-3.717184
-4.081238
-5.844026
-6.543393
-5.029695
-4.071658
-4.119559
-3.774666
-3.736345
-4.330328
-4.608159
-4.493194
-4.320747
-4.234524
-4.320747
-4.234524
-4.071658
-3.870470
-3.899211
-3.056138
-2.912433
-3.822568
-3.266906
-2.759147
-4.608159
-5.230883
-3.669282
-2.950754
-2.730406
-3.496835
-3.362710
-1.695726
-2.146003
-3.956693
-3.698023
-3.084879
-3.659702
-2.816629
-1.322091
-1.849012
-2.222646
-2.270548
-2.538798
-1.312511
-1.235868
-2.797468
-4.263265
-4.818927
-3.238165
-1.389154
-1.638243
-3.104040
-3.171103
-2.835790
-2.557959
-1.810690
-2.078940
-1.954396
-2.519638
-3.151942
-1.475377
-0.814332
-0.756849
-0.852653
-0.766430
-0.737689
-0.958037
-1.561600
-2.452575
-2.136423
-1.858592
-1.609502
-1.619083
-1.619083
-1.494538
-1.437056
-1.293350
-1.216707
-1.187966
-0.191607
-0.708947
-1.935235
-1.398734
-0.785590
-1.475377
-2.663343
-1.609502
-1.130484
-1.149644
-0.661046
-1.542440
-1.341252
-0.392795
-1.293350
-1.839431
-2.213066
-1.532859
0.019161
-0.114964
-0.306572
-0.028741
-0.756849
-0.967617
0.277831
0.249090
-0.373634
-0.795171
-1.360413
-1.130484
-0.776010
-0.613144
-0.536501
-1.111323
-0.890975
-0.546081
0.105384
1.638243
1.494538
0.574822
0.756849
0.479019
0.220349
0.584403
-0.095804
-1.034680
-1.839431
-2.337610
-0.852653
0.335313
0.153286
-0.057482
-0.277831
-0.134125
-0.191607
-0.459858
-0.344893
-0.162866
-0.335313
-0.526920
0.613144
0.402376
-0.306572
0.958037
0.316152
-2.069360
-1.714886
0.670626
1.044260
0.114964
-1.178386
-2.519638
-0.938876
1.034680
0.479019
0.220349
0.095804
-0.574822
0.344893
1.504118
1.073002
0.249090
-0.498179
-1.341252
-0.019161
1.465797
0.804751
0.737689
0.833492
0.019161
0.124545
1.283770
1.082582
0.622724
0.536501
-0.364054
-0.057482
0.584403
0.392795
0.182027
-0.776010
-1.839431
-2.826210
-1.695726
-0.670626
-0.814332
0.718528
1.686145
1.274189
0.593983
0.153286
0.067063
0.153286
0.191607
0.201188
0.095804
-0.210768
-0.105384
0.191607
0.086223
0.402376
0.919716
1.283770
0.479019
-0.028741
1.456216
1.293350
0.105384
-0.325733
-0.890975
-0.296991
0.718528
0.335313
-0.708947
-0.708947
-0.335313
-0.162866
-0.689787
-1.552020
-0.114964
0.555661
-0.728108
0.268250
1.101743
-0.344893
-1.149644
-0.910135
-0.306572
0.469438
0.335313
-0.833492
-0.143706
0.536501
0.373634
0.172447
-1.149644
-0.785590
-0.498179
-2.078940
-1.839431
-1.235868
-2.174744
-0.900555
1.044260
0.977198
0.574822
-1.082582
-1.983137
-0.325733
0.459858
-0.153286
-0.450277
-0.708947
-0.708947
-0.584403
-0.766430
-0.737689
-0.843073
-1.015519
-0.967617
0.028741
0.622724
0.162866
-0.411956
-1.053841
-1.609502
-2.720825
-2.136423
-1.005939
-0.967617
-0.584403
-0.890975
-0.670626
-0.191607
-0.335313
-0.411956
-1.552020
-3.190264
-3.458514
-2.730406
-2.260967
-1.552020
-1.963976
-3.132781
-1.714886
-0.689787
-1.916074
-1.513699
-0.469438
-0.958037
-0.948457
-0.814332
-1.245448
-1.322091
-1.973556
-1.417895
-0.421536
-1.552020
-1.465797
-0.814332
-1.369993
-1.379573
-1.877753
-2.481316
-2.883692
-2.826210
-1.944815
-2.385512
-3.698023
-3.084879
-1.820271
-1.465797
-1.302930
-1.226287
-1.187966
-1.427475
-1.532859
-1.456216
-1.417895
-1.283770
-0.229929
0.258670
-0.009580
-0.747269
-1.092162
-1.379573
-2.126842
-1.360413
-1.504118
-2.174744
-1.513699
-1.207127
-1.676565
-2.136423
-2.107682
-2.098101
-2.826210
-3.784246
-3.621380
-2.433414
-2.002298
-1.676565
-2.260967
-3.151942
-1.839431
-0.862233
-1.762788
-3.410612
-3.937532
-2.577120
-1.580761
-1.724467
-2.280128
-2.663343
-2.969915
-2.375932
-1.609502
-2.356771
-2.337610
-2.328030
-3.429773
-2.960335
-1.504118
-1.446636
-2.529218
-2.778308
-2.902852
-2.711245
-1.638243
-1.389154
-1.638243
-1.877753
-2.232226
-2.280128
-2.050199
-1.944815
-2.021458
-2.050199
-1.944815
-2.146003
-1.619083
-1.743628
-2.538798
-2.787888
-2.538798
-1.686145
-2.385512
-3.698023
-4.560256
-5.326686
-4.215363
-2.337610
-1.954396
-2.395093
-2.596281
-2.318450
-3.180683
-3.333969
-3.036978
-3.017817
-2.644182
-2.586700
-3.544737
-3.755505
-2.251387
-2.404673
-2.969915
-3.487255
-3.602220
-2.548379
-2.299289
-2.184325
-2.625022
-2.826210
-1.944815
-2.021458
-2.548379
-4.023756
-4.464453
-3.190264
-3.219005
-4.215363
-4.560256
-4.100399
-4.253685
-4.454873
-3.803407
-3.630961
-2.931593
-2.605861
-3.190264
-3.084879
-3.046558
-3.142362
-3.314808
-3.391451
-3.554318
-3.630961
-3.544737
-3.496835
-2.625022
-1.849012
-1.360413
-1.992717
-2.414253
-1.628663
-2.730406
-3.611800
-3.659702
-4.292006
-3.487255
-1.638243
-1.877753
-3.094460
-3.046558
-3.391451
-2.941174
-1.255029
-1.331672
-1.973556
-2.893272
-3.563898
-3.142362
-2.826210
-2.308869
-2.059780
-3.056138
-5.365008
-6.936189
-5.326686
-3.966274
-3.947113
-3.688443
-3.698023
-4.675221
-5.757803
-4.167461
-3.793827
-4.349488
-3.017817
-3.381871
-4.042917
-3.985434
-4.071658
-4.857248
-5.470392
-4.771025
-5.058436
-5.441651
-5.365008
-5.336267
-4.953052
-4.656060
-4.512355
-4.569837
-4.847668
-5.096757
-5.211722
-5.259624
-5.039275
-3.832148
-3.266906
-3.870470
-4.521935
-4.081238
-3.142362
-3.439353
-3.209424
-2.979495
-3.487255
-3.851309
-4.138720
-4.521935
-4.943471
-4.406971
-3.899211
-3.429773
-3.573478
-4.627319
-4.627319
-5.729062
-6.735001
-5.355427
-3.975854
-4.569837
-5.700321
-5.614098
-5.575776
-5.432070
-3.889631
-3.295648
-3.266906
-3.745925
-4.953052
-4.771025
-4.320747
-4.234524
-4.320747
-4.723123
-4.665641
-3.899211
-4.531516
-6.179339
-6.208080
-5.729062
-6.246402
-6.361366
-6.409268
-5.815285
-4.809346
-4.828507
-4.838088
-4.847668
-4.972212
-5.029695
-5.058436
-5.068016
-5.317106
-5.432070
-5.125498
-3.870470
-3.286067
-3.257326
-4.349488
-4.866828
-4.857248
-6.083536
-5.547035
-4.560256
-4.713542
-5.154240
-5.365008
-4.598578
-4.359069
-4.991373
-4.665641
-4.761445
-5.671580
-5.719481
-4.636899
-4.253685
-4.818927
-5.202141
-5.508713
-4.790185
-4.454873
-4.665641
-4.387810
-4.138720
-4.521935
-5.432070
-4.751864
-4.560256
-5.824865
-4.933891
-3.295648
-3.506416
-3.860889
-3.774666
-4.713542
-5.901508
-4.723123
-3.439353
-4.196202
-4.790185
-5.805705
-7.884645
-7.127796
-5.048855
-5.192561
-5.623678
-5.460812
-5.259624
-5.163820
-5.240463
-5.403329
-5.470392
-5.144659
-4.991373
-4.914730
-4.023756
-3.851309
-3.525577
-4.359069
-4.866828
-3.995015
-5.068016
-5.566195
-5.182981
-5.125498
-5.221302
-5.393749
-5.594937
-6.179339
-5.594937
-3.841729
-3.889631
-5.757803
-5.278784
-3.573478
-4.129140
-5.010534
-5.786544
-5.901508
-5.709901
-6.476331
-6.466751
-6.830804
-7.865485
-8.104994
-7.846324
-5.997312
-5.259624
-6.399688
-7.290662
-7.214019
-5.709901
-5.374588
-6.572134
-7.501431
-7.319404
-7.472689
-7.798422
-8.564852
-8.057092
-5.479972
-5.020114
-6.533813
-7.597234
-7.118216
-6.399688
-6.303884
-6.141018
-6.064375
-6.275143
-6.131437
-6.179339
-6.332625
-6.150598
-5.824865
-4.445292
-4.292006
-4.828507
-5.451231
-5.748222
-5.633258
-7.060733
-6.620036
-6.045214
-6.754161
-7.089475
-7.616395
-7.252341
-6.342206
-7.386466
-8.986388
-8.507369
-6.802063
-6.744581
-7.328984
-8.219958
-8.516950
-7.788842
-8.555271
-8.670236
-6.878706
-6.648777
-8.766040
-9.130094
-7.463109
-7.424788
-10.107291
-10.260577
-8.354083
-8.449887
-8.124155
-8.344503
-7.951708
-7.405627
-8.995968
-9.494147
-9.225897
-9.714497
-10.318060
-10.959945
-9.427085
-7.970869
-9.254639
-11.707213
-12.473643
-11.486865
-11.017426
-10.931203
-10.758757
-10.557569
-10.461765
-10.538408
-10.825819
-10.586310
-10.844980
-10.231836
-10.682114
-10.892881
-10.500087
-12.157491
-13.546644
-12.847278
-10.672533
-10.145613
-10.519247
-11.065329
-11.189874
-12.109589
-13.901118
-12.636509
-11.553927
-13.632868
-15.223209
-14.236431
-11.937142
-11.716794
-12.483223
-12.349098
-12.032946
-13.115528
-15.347754
-14.293914
-12.943081
-13.910699
-14.859156
-15.548942
-14.763351
-13.527484
-12.713152
-13.067626
-13.728672
-13.786154
-12.962242
-12.693992
-14.408878
-14.475941
-13.766994
-14.054404
-14.437619
-14.111886
-13.105947
-13.134688
-14.619646
-16.171667
-16.277050
-15.338174
-14.907057
-14.696289
-14.360976
-14.207690
-14.380136
-14.217271
-14.131047
-14.341815
-14.437619
-13.508323
-13.556225
-14.083145
-14.073565
-14.562164
-15.156147
-16.296211
-15.232790
-14.121467
-14.217271
-14.140628
-15.213629
-16.200407
-16.660265
-16.995579
-17.033899
-16.803970
-17.560820
-17.053061
-15.338174
-15.395657
-16.286631
-16.459078
-15.424397
-13.470001
-14.284333
-15.769291
-15.596844
-15.146566
-13.470001
-14.159788
-15.711808
-16.803970
-17.685366
-17.723686
-17.742847
-18.365572
-17.915295
-16.104603
-15.261531
-14.993280
-16.344112
-17.589561
-15.960898
-15.692648
-16.669846
-16.392015
-16.631523
-15.999220
-15.338174
-15.644746
-15.788451
-15.855514
-15.884255
-15.778871
-16.095024
-16.363274
-16.248310
-16.439917
-16.277050
-14.974120
-14.983700
-15.232790
-15.721389
-16.190826
-16.286631
-17.809910
-17.407534
-16.363274
-15.635165
-14.667548
-15.702228
-17.292570
-18.394312
-18.423054
-17.330891
-16.698587
-17.512918
-18.624241
-17.302151
-16.928516
-18.231445
-18.346411
-17.417114
-15.510621
-15.232790
-15.970478
-16.803970
-18.049419
-16.909355
-16.746489
-17.781168
-17.896133
-17.944035
-18.087740
-19.017036
-19.572699
-17.627882
-15.730969
-16.190826
-15.798032
-15.242371
-16.209988
-16.047121
-16.344112
-18.078159
-16.803970
-16.200407
-16.909355
-16.621944
-16.736908
-16.784809
-16.689007
-16.152506
-16.027960
-16.334532
-16.353693
-16.123764
-16.372854
-16.621944
-15.136986
-14.696289
-15.098664
-15.165728
-16.554880
-18.547598
-18.739206
-16.736908
-15.433978
-15.194468
-15.826773
-15.376495
-15.788451
-17.579981
-16.439917
-15.788451
-16.468658
-16.545301
-16.200407
-14.820834
-15.520201
-17.081802
-17.072222
-16.209988
-14.696289
-14.610065
-15.060343
-15.510621
-15.481879
-14.351396
-14.073565
-13.824475
-14.571744
-15.405236
-16.286631
-16.334532
-14.629227
-13.834056
-13.220912
-13.671189
-14.255592
-14.523843
-14.648387
-13.479582
-13.307136
-14.083145
-13.949020
-14.380136
-14.581325
-13.939440
-13.766994
-13.680770
-13.517903
-13.316715
-12.981402
-12.952662
-13.173010
-13.163429
-12.904759
-12.425741
-10.969524
-10.653373
-10.883302
-9.877362
-8.794781
-9.398344
-11.276096
-10.672533
-10.643792
-10.634212
-9.513309
-10.222256
-11.908401
-13.182590
-12.674830
-11.199453
-10.270158
-10.576730
-11.697633
-10.500087
-9.331282
-9.398344
-9.551630
-9.752818
-8.114574
-6.620036
-7.022412
-7.836743
-8.210378
-7.281082
-6.227241
-6.964930
-7.558913
-7.961288
-8.267860
-6.811644
-6.505072
-8.574432
-8.066672
-6.351786
-6.160179
-6.447590
-7.194859
-6.188920
-5.106338
-5.824865
-6.409268
-6.926608
-6.687099
-5.949410
-5.853607
-5.930250
-5.729062
-5.508713
-5.403329
-5.230883
-5.144659
-4.991373
-4.914730
-5.000954
-4.062078
-3.496835
-3.477675
-3.602220
-4.023756
-4.100399
-4.378230
-3.765086
-3.362710
-3.544737
-2.883692
-3.448934
-4.560256
-4.962632
-4.406971
-3.046558
-2.289709
-1.935235
-3.487255
-4.464453
-3.678863
-3.314808
-3.027397
-2.644182
-2.596281
-3.305228
-3.266906
-2.759147
-2.519638
-2.165164
-2.241807
-2.653763
-3.084879
-3.286067
-2.404673
-2.969915
-4.588998
-4.732703
-3.937532
-2.701665
-1.638243
-2.002298
-3.151942
-2.586700
-2.442995
-2.864531
-1.590342
-0.996359
-1.944815
-2.136423
-1.619083
-1.369993
-1.264609
-1.207127
-1.187966
-0.804751
-0.507760
-0.488599
-0.603563
-0.287411
1.580761
1.599922
0.862233
0.766430
0.114964
-0.316152
-0.890975
0.316152
1.858592
1.475377
1.053841
0.852653
0.517340
0.603563
0.766430
0.479019
0.220349
0.095804
0.287411
1.849012
2.337610
1.207127
1.666985
1.762788
0.699367
0.450277
0.823912
1.849012
1.350832
-0.105384
0.555661
2.222646
2.136423
1.609502
1.973556
3.132781
4.406971
4.272845
3.343549
2.538798
2.040619
3.161522
3.439353
2.222646
2.136423
3.573478
4.866828
4.474033
3.678863
3.927952
4.905150
5.355427
5.566195
5.671580
5.345847
4.943471
5.250043
5.518294
5.518294
5.518294
6.754161
6.830804
6.131437
6.543393
6.735001
5.844026
4.569837
5.451231
6.476331
7.683457
9.484568
9.091772
8.660655
8.459468
7.635556
7.127796
7.127796
6.514652
5.250043
6.131437
7.156537
6.897867
6.907447
7.156537
9.110932
9.771978
8.612754
10.040229
11.074909
9.465406
9.944425
11.525187
10.653373
9.762398
9.101353
8.545691
9.886943
10.021068
8.852262
10.394703
10.749176
10.423444
11.620990
11.688052
11.228195
11.256936
10.777917
11.170712
12.703572
12.310777
11.400641
11.707213
11.477284
11.007846
11.151552
11.716794
12.100009
11.668892
11.458123
11.735954
12.732313
13.316715
13.709511
14.140628
13.230493
11.458123
9.886943
11.247355
12.876019
12.397000
13.038885
13.699930
12.416161
11.688052
11.716794
11.860499
11.429382
9.513309
10.212675
12.511965
12.598187
12.387420
12.042526
12.004205
13.096367
13.115528
13.125108
13.747832
13.661609
15.223209
15.089085
13.556225
12.952662
12.186232
12.444901
12.071267
11.534766
11.276096
11.898821
12.923921
12.665251
13.163429
13.019724
14.188529
15.836353
14.638807
14.198110
13.019724
11.352739
11.812597
12.885599
13.259233
13.192171
13.278394
13.824475
13.824475
13.460422
13.527484
13.316715
13.220912
14.274753
14.159788
13.364617
13.364617
13.604127
15.194468
15.568103
14.389717
13.345457
12.004205
12.971823
13.307136
11.860499
11.553927
11.774276
12.741894
12.329937
10.423444
9.906103
11.755116
13.105947
12.013785
11.132391
11.218615
12.358679
13.019724
12.100009
12.157491
13.412519
14.495101
14.016083
12.933501
12.176652
12.559866
13.115528
13.489162
13.422100
12.531125
12.607768
12.023366
11.381481
12.933501
14.140628
13.355037
13.115528
13.987342
13.776573
14.169369
15.089085
14.418458
13.479582
12.923921
12.789795
12.722733
12.693992
12.684411
12.425741
12.186232
12.320357
12.502384
13.450841
13.901118
12.626929
11.419803
11.592249
11.678473
10.979105
12.128750
12.540706
10.883302
11.592249
13.268814
12.579027
11.400641
10.844980
10.835400
10.097711
7.779261
7.808002
10.030648
10.576730
9.484568
9.091772
9.034289
10.605471
12.444901
11.831758
12.272455
13.220912
13.297555
14.437619
13.738252
11.812597
12.397000
11.678473
11.103650
10.710855
9.292960
9.867782
10.749176
10.912043
10.749176
9.685755
9.925264
10.279738
10.078550
10.969524
11.506025
11.017426
10.298899
10.088131
10.480926
10.787498
10.567149
10.337220
9.982746
9.819880
9.867782
10.375542
11.113231
12.186232
11.582668
9.944425
9.800719
9.609112
8.785200
9.254639
10.959945
10.643792
9.139674
8.689397
8.967227
10.078550
10.605471
9.733657
9.455826
9.695335
10.298899
9.474987
8.469048
9.110932
9.657014
10.404283
10.011488
9.839041
11.467704
10.873721
8.267860
8.287021
9.273799
8.871424
8.804361
9.388763
9.177996
8.708557
8.603173
8.689397
8.967227
7.501431
5.824865
6.897867
7.884645
7.242761
6.696679
6.188920
7.558913
8.440307
7.252341
7.070314
7.597234
7.597234
7.233180
7.175698
7.156537
7.146957
6.897867
6.897867
7.146957
7.022412
6.715840
7.309823
7.463109
7.166118
7.396046
7.750520
6.926608
5.441651
5.853607
6.658358
6.418849
6.562554
5.882348
5.690741
7.204439
6.677518
6.303884
5.767383
4.042917
4.215363
4.790185
4.933891
4.636899
4.368649
4.617739
5.968571
7.089475
6.131437
5.556615
4.799766
5.307526
7.146957
7.261921
6.955349
6.802063
5.259624
4.292006
5.202141
5.125498
3.985434
3.822568
3.621380
4.397390
6.102696
6.782903
6.236822
6.227241
5.604517
4.703962
6.246402
6.476331
5.106338
4.349488
3.995015
3.698023
3.190264
2.960335
3.219005
3.583059
3.640541
3.410612
4.416551
5.010534
4.665641
4.023756
3.717184
4.071658
2.998656
2.625022
2.826210
2.663343
4.186622
4.416551
2.797468
2.040619
2.423834
2.969915
2.854951
2.922013
2.347191
1.092162
-0.479019
-1.456216
0.910135
3.496835
2.979495
1.264609
0.584403
1.005939
1.810690
1.829851
1.216707
1.552020
1.456216
0.431117
0.440697
0.574822
0.143706
-0.431117
0.162866
1.791529
1.197546
-0.421536
0.038321
1.360413
1.858592
1.235868
-0.162866
-1.063421
0.114964
1.149644
0.287411
0.249090
0.354474
0.287411
0.134125
0.182027
0.450277
0.335313
0.153286
0.067063
1.005939
1.207127
0.555661
0.383215
0.910135
1.523279
0.833492
0.996359
2.059780
2.672924
2.232226
0.421536
0.565242
0.747269
0.095804
0.038321
-1.092162
-2.356771
-2.577120
-0.967617
0.038321
-1.092162
-2.107682
-2.098101
-0.124545
1.044260
0.364054
0.776010
0.728108
0.948457
1.178386
0.172447
-0.900555
-1.408315
-1.149644
-0.670626
-1.302930
-2.826210
-1.820271
-0.488599
-0.603563
0.086223
0.153286
0.555661
0.622724
0.038321
1.120903
1.743628
0.938876
0.555661
0.871814
0.776010
0.852653
0.890975
0.785590
0.977198
0.948457
0.804751
0.862233
1.015519
1.944815
1.398734
0.651465
1.159225
0.661046
0.182027
0.450277
1.552020
2.442995
2.117262
1.235868
0.574822
1.245448
2.059780
0.833492
-0.593983
-0.287411
1.456216
2.270548
2.040619
1.561600
0.977198
0.699367
1.063421
1.475377
1.427475
2.510057
2.768727
1.168805
1.398734
1.877753
1.245448
1.073002
1.475377
2.653763
2.462155
0.900555
1.034680
1.829851
2.328030
3.295648
3.381871
2.797468
3.266906
2.998656
2.251387
2.280128
1.801110
2.308869
3.036978
2.768727
2.519638
2.395093
2.347191
2.567539
2.663343
2.471736
2.251387
2.155583
2.356771
3.554318
3.496835
2.490896
2.883692
3.429773
3.563898
2.883692
3.190264
3.084879
1.925655
3.228585
4.703962
4.033336
3.353130
3.899211
3.295648
2.644182
2.826210
1.935235
1.877753
2.960335
3.468094
3.333969
3.027397
3.496835
3.717184
3.084879
3.525577
2.625022
0.488599
0.958037
2.289709
2.289709
2.174744
2.366352
1.839431
1.963976
2.998656
2.385512
1.849012
2.203485
1.398734
1.264609
2.059780
2.922013
3.822568
3.745925
2.605861
2.816629
3.276487
2.749567
2.759147
2.385512
1.973556
2.021458
2.289709
2.174744
2.117262
2.213066
2.385512
3.937532
4.167461
2.797468
2.280128
2.414253
3.209424
3.343549
3.027397
2.270548
1.666985
2.615441
2.941174
0.996359
0.459858
1.437056
0.910135
0.910135
2.385512
2.222646
0.421536
0.440697
1.063421
1.350832
2.720825
2.989076
1.887333
0.507760
0.114964
-0.076643
0.086223
0.526920
0.000000
-0.249090
-0.124545
-0.306572
0.220349
0.584403
-0.220349
-0.603563
0.325733
1.868172
1.724467
0.804751
0.124545
0.182027
0.574822
0.143706
-0.795171
-1.111323
-0.776010
-0.613144
-0.411956
-0.440697
-0.823912
-0.881394
-0.785590
-0.862233
-0.900555
-0.919716
-1.044260
-0.613144
-0.661046
-1.417895
-1.896913
-1.379573
-1.513699
-2.672924
-2.481316
-1.657404
-1.762788
-1.935235
-2.500477
-2.404673
-1.743628
-2.538798
-3.286067
-3.630961
-2.318450
-1.331672
-2.098101
-2.586700
-2.682504
-2.490896
-1.781949
-2.807049
-4.263265
-3.592639
-2.787888
-3.151942
-4.550676
-4.828507
-3.851309
-3.774666
-4.474033
-5.412910
-5.729062
-4.885989
-4.991373
-6.016473
-6.620036
-5.920669
-4.857248
-5.594937
-7.166118
-6.543393
-5.144659
-4.368649
-4.866828
-5.844026
-5.681160
-5.604517
-5.575776
-5.556615
-5.547035
-5.786544
-5.901508
-5.834446
-6.045214
-6.265563
-6.246402
-5.135079
-5.470392
-6.610456
-6.533813
-6.370947
-5.805705
-6.275143
-7.731359
-8.287021
-8.919326
-9.082191
-7.683457
-7.530171
-7.817583
-8.076253
-8.325342
-8.564852
-7.568493
-7.712199
-9.752818
-9.963586
-9.695335
-10.433024
-11.640151
-10.231836
-8.957647
-9.599532
-9.283380
-8.766040
-8.890584
-8.948067
-9.465406
-10.567149
-11.209034
-9.292960
-8.277440
-9.398344
-9.676175
-10.298899
-12.071267
-13.010144
-11.975464
-10.883302
-11.228195
-11.515606
-11.400641
-11.841338
-12.540706
-12.741894
-12.100009
-11.927562
-11.841338
-12.042526
-12.511965
-12.483223
-12.224553
-12.349098
-12.655670
-12.674830
-12.435322
-11.582668
-11.678473
-12.703572
-12.943081
-12.559866
-11.649731
-12.943081
-15.146566
-14.820834
-14.543003
-14.782513
-13.786154
-13.441260
-13.652029
-13.881958
-14.600486
-14.198110
-12.406580
-12.559866
-14.475941
-15.242371
-15.845934
-15.146566
-13.709511
-13.163429
-13.891538
-15.213629
-15.462719
-16.200407
-15.798032
-15.740549
-17.062641
-16.574041
-16.708166
-18.011097
-18.978714
-18.202705
-16.861452
-17.340471
-17.685366
-17.972776
-16.871033
-15.989639
-16.928516
-16.018381
-15.960898
-17.168024
-17.235086
-17.024319
-17.292570
-17.666204
-17.465015
-17.378794
-16.966837
-16.775230
-17.177605
-17.235086
-17.273409
-17.407534
-17.465015
-16.631523
-16.985998
-17.397953
-16.238729
-15.702228
-16.794390
-18.049419
-17.033899
-16.430336
-16.526140
-16.324953
-17.819490
-18.279348
-17.876972
-18.796688
-18.729626
-19.448153
-20.511574
-19.285286
-17.733267
-18.365572
-18.902071
-19.026617
-18.720045
-17.350052
-18.308088
-19.611019
-19.850529
-20.703182
-19.745144
-18.193125
-18.078159
-18.518858
-19.591858
-19.965492
-20.262486
-19.908010
-19.620600
-19.237385
-19.064938
-19.103260
-18.873331
-19.505636
-18.336830
-17.541658
-17.905714
-17.330891
-17.436275
-18.595501
-19.745144
-19.668501
-18.652983
-18.662563
-19.045778
-18.729626
-18.212286
-17.848230
-17.187185
-16.871033
-17.100962
-16.095024
-16.487818
-17.417114
-16.985998
-16.784809
-17.426695
-17.848230
-15.587263
-14.897477
-15.692648
-14.456779
-14.744191
-15.980059
-16.679426
-17.129704
-16.727327
-16.545301
-17.685366
-18.585920
-16.909355
-15.644746
-15.050763
-14.897477
-16.056702
-15.117826
-13.690351
-14.016083
-14.159788
-15.098664
-15.165728
-14.083145
-13.584966
-13.843637
-14.830414
-15.529781
-15.366915
-15.165728
-16.305792
-16.832712
-16.593203
-16.602783
-15.127406
-13.460422
-14.035243
-15.156147
-14.945378
-14.475941
-15.366915
-16.890194
-16.985998
-16.047121
-15.357335
-14.916637
-14.954959
-15.223209
-15.223209
-14.734611
-14.744191
-15.002861
-14.744191
-12.904759
-12.665251
-13.910699
-13.374198
-14.111886
-16.918936
-17.608723
-14.974120
-13.632868
-13.862797
-14.715450
-15.596844
-14.657968
-13.853216
-14.207690
-13.527484
-13.814895
-13.460422
-11.812597
-11.544347
-11.908401
-11.831758
-12.157491
-12.559866
-11.400641
-12.090428
-13.517903
-14.303493
-14.667548
-12.377839
-11.553927
-14.246012
-15.510621
-14.619646
-14.571744
-14.428039
-13.374198
-14.111886
-14.705870
-14.121467
-13.230493
-11.582668
-11.553927
-13.268814
-14.437619
-14.246012
-13.786154
-12.952662
-12.559866
-13.489162
-13.929859
-13.996922
-14.035243
-13.805315
-13.939440
-14.255592
-14.150208
-14.102306
-14.207690
-14.131047
-12.617349
-11.917981
-12.080848
-12.770635
-14.083145
-13.949020
-14.265172
-14.159788
-12.885599
-13.268814
-14.801673
-15.022021
-14.389717
-13.968181
-15.127406
-15.299852
-14.523843
-13.795734
-14.188529
-14.246012
-13.412519
-13.517903
-12.579027
-12.147910
-12.559866
-13.240072
-13.805315
-14.063985
-15.050763
-16.123764
-14.782513
-13.297555
-13.709511
-13.038885
-12.483223
-12.713152
-12.080848
-12.895180
-13.278394
-12.962242
-13.422100
-12.167071
-11.343160
-11.074909
-11.074909
-11.563508
-11.055748
-11.438963
-11.985044
-11.620990
-11.573088
-11.553927
-11.429382
-11.362320
-11.333579
-11.438963
-11.611409
-11.448544
-11.371901
-10.959945
-8.804361
-8.785200
-9.762398
-9.599532
-10.011488
-11.189874
-12.234134
-10.873721
-9.877362
-9.532469
-8.631914
-9.570790
-10.250997
-10.193515
-10.547989
-9.599532
-9.158834
-10.059389
-9.618692
-8.430726
-8.363664
-8.085834
-8.823522
-9.034289
-6.802063
-6.993671
-8.804361
-9.522889
-10.720435
-9.187575
-6.993671
-7.942128
-9.245058
-9.235477
-8.746879
-7.520591
-7.568493
-9.561211
-8.890584
-7.472689
-7.424788
-6.907447
-7.290662
-8.076253
-8.076253
-6.725420
-5.106338
-4.972212
-7.491850
-9.149254
-7.836743
-6.984090
-6.342206
-6.160179
-6.447590
-6.332625
-5.911089
-5.719481
-5.748222
-5.633258
-4.483613
-4.435712
-5.020114
-5.182981
-5.863187
-5.690741
-5.489552
-5.144659
-5.240463
-6.016473
-5.393749
-4.732703
-5.412910
-6.830804
-7.127796
-6.648777
-7.281082
-8.200797
-7.645136
-5.537455
-4.924311
-5.623678
-5.460812
-5.250043
-4.665641
-4.023756
-4.464453
-5.039275
-5.307526
-7.031992
-8.200797
-7.146957
-6.907447
-6.677518
-5.087177
-4.339908
-4.119559
-4.512355
-5.307526
-4.569837
-4.349488
-5.479972
-5.882348
-5.326686
-4.828507
-4.713542
-5.652419
-6.208080
-4.866828
-3.755505
-3.966274
-4.196202
-4.052497
-3.736345
-4.081238
-4.493194
-4.320747
-3.860889
-3.650121
-3.678863
-2.213066
-1.781949
-2.069360
-2.442995
-3.477675
-2.615441
-2.337610
-2.452575
-2.625022
-3.448934
-2.596281
-2.078940
-2.567539
-2.922013
-2.845370
-2.567539
-3.420192
-2.950754
-0.890975
-0.296991
-1.130484
-1.149644
-0.910135
-2.031039
-3.899211
-4.157881
-3.171103
-2.711245
-1.398734
-0.411956
-0.938876
-2.778308
-4.253685
-3.832148
-3.027397
-3.142362
-3.314808
-3.151942
-1.724467
-0.440697
-0.823912
-1.245448
-2.557959
-2.433414
-0.402376
-0.067063
-0.651465
-0.804751
-0.996359
-0.843073
-0.766430
-0.977198
-0.958037
-0.450277
-0.335313
-0.536501
-0.622724
-0.670626
-0.565242
-0.641885
0.431117
1.542440
1.944815
1.274189
0.593983
1.255029
0.823912
0.134125
-0.306572
-0.268250
0.603563
0.890975
0.661046
0.067063
-0.344893
0.565242
0.258670
-1.360413
0.220349
2.557959
2.174744
1.379573
0.766430
0.843073
2.107682
2.088521
0.967617
0.689787
1.302930
2.567539
2.299289
1.073002
0.871814
1.015519
1.820271
1.216707
1.791529
3.908791
3.659702
2.807049
2.653763
2.098101
1.714886
0.919716
-0.067063
1.197546
2.893272
2.826210
1.073002
0.373634
1.149644
1.887333
2.107682
1.839431
1.714886
2.031039
2.289709
2.299289
2.538798
2.902852
4.665641
5.365008
4.464453
3.803407
3.372291
3.535157
3.362710
4.148301
4.387810
3.765086
4.703962
4.771025
3.324389
2.778308
3.132781
3.305228
3.630961
2.797468
1.427475
2.136423
3.324389
3.027397
2.395093
2.960335
4.818927
4.339908
2.260967
2.768727
4.244104
6.150598
6.303884
4.531516
4.081238
3.496835
2.615441
2.807049
2.653763
2.098101
2.826210
3.276487
3.247746
3.966274
4.186622
4.656060
4.627319
4.483613
4.301587
3.726764
4.445292
4.895570
4.493194
4.186622
4.042917
4.215363
4.426131
4.521935
4.560256
4.588998
4.962632
5.384169
6.323045
6.016473
5.384169
5.211722
5.623678
7.415207
7.261921
5.968571
5.115918
4.474033
5.652419
7.309823
6.600875
6.026053
6.620036
5.911089
4.713542
4.780605
4.933891
4.512355
5.173400
5.729062
5.125498
5.709901
6.840385
6.639197
6.169759
6.687099
6.552974
5.508713
4.905150
4.502774
5.297945
6.888287
6.035634
5.029695
6.524233
7.099055
6.380527
7.271502
7.817583
6.840385
5.518294
5.767383
6.620036
6.035634
6.495492
6.715840
5.834446
5.048855
4.933891
5.499133
6.121857
6.543393
6.610456
6.524233
6.361366
6.284723
6.246402
6.102696
6.773322
6.974510
6.696679
6.811644
6.859546
6.150598
5.192561
6.476331
6.706260
6.572134
7.731359
6.926608
5.930250
6.457170
6.821224
6.859546
7.252341
6.581715
5.278784
6.026053
5.757803
4.157881
4.636899
5.106338
5.824865
6.888287
6.160179
5.575776
5.058436
5.796124
7.501431
7.424788
7.146957
7.261921
6.332625
6.265563
7.712199
6.667938
5.441651
4.991373
3.927952
4.292006
4.330328
3.736345
3.832148
4.981793
6.131437
5.690741
4.857248
4.972212
5.508713
5.642838
5.700321
5.479972
5.384169
5.336267
5.432070
5.604517
5.566195
5.661999
7.185278
7.903806
7.491850
7.300243
6.351786
6.409268
6.303884
6.744581
7.693038
7.156537
7.386466
7.740940
6.562554
5.269204
5.403329
6.323045
5.652419
3.736345
4.320747
5.575776
5.173400
4.502774
3.812988
3.985434
5.297945
5.911089
4.713542
3.669282
3.918372
5.144659
5.719481
5.614098
5.068016
4.818927
5.068016
3.832148
2.395093
3.573478
5.479972
5.374588
3.860889
2.538798
3.027397
5.221302
5.508713
3.669282
3.180683
3.324389
4.866828
5.834446
4.311167
3.362710
3.286067
3.247746
3.104040
3.161522
3.314808
3.630961
3.535157
3.372291
4.272845
4.081238
3.123201
2.442995
2.605861
3.180683
2.586700
3.295648
2.644182
1.724467
3.755505
5.068016
4.818927
4.454873
4.780605
3.822568
2.759147
3.496835
2.854951
2.069360
1.820271
0.843073
1.992717
3.506416
3.841729
3.630961
3.161522
3.065719
2.538798
2.653763
2.586700
2.807049
2.529218
1.302930
0.239509
-0.507760
0.373634
0.910135
0.421536
1.178386
1.159225
0.661046
1.772369
3.036978
2.768727
1.781949
1.810690
1.456216
1.542440
1.446636
0.919716
1.044260
0.977198
1.063421
0.986778
0.699367
0.689787
0.689787
0.565242
0.632304
2.260967
3.017817
2.021458
0.574822
0.019161
1.599922
1.599922
0.373634
-0.440697
-0.948457
0.900555
2.011878
0.814332
0.134125
0.296991
0.747269
1.082582
0.009580
-1.226287
-0.699367
-0.948457
-1.791529
-1.092162
-0.881394
-0.536501
0.354474
-0.086223
-0.900555
-1.657404
-0.776010
0.364054
0.172447
-1.034680
-1.714886
-1.542440
-2.328030
-3.793827
-2.883692
-1.111323
-1.264609
-1.820271
-2.941174
-3.717184
-1.992717
-0.929296
-1.302930
-2.088521
-3.314808
-2.050199
-0.967617
-1.312511
-1.724467
-1.916074
-2.002298
-2.050199
-2.069360
-1.954396
-1.896913
-2.366352
-2.826210
-2.059780
-2.567539
-3.046558
-3.027397
-2.653763
-1.983137
-3.142362
-3.190264
-2.969915
-2.375932
-1.609502
-2.107682
-2.088521
-2.826210
-4.033336
-2.874111
-2.078940
-3.554318
-4.129140
-2.912433
-3.209424
-5.192561
-6.485911
-5.978151
-4.148301
-2.797468
-2.538798
-3.036978
-4.493194
-4.560256
-3.113621
-2.931593
-3.592639
-3.525577
-4.234524
-5.173400
-3.650121
-3.056138
-3.889631
-4.033336
-4.224944
-4.196202
-3.688443
-3.812988
-5.106338
-6.073955
-5.786544
-5.288365
-4.196202
-3.439353
-4.071658
-4.608159
-4.617739
-4.378230
-4.387810
-4.636899
-5.000954
-5.163820
-5.115918
-4.847668
-3.496835
-2.749567
-2.395093
-3.219005
-4.828507
-4.962632
-5.518294
-5.527874
-4.799766
-4.090818
-2.893272
-3.075299
-5.010534
-6.399688
-5.939830
-5.479972
-5.259624
-5.537455
-6.275143
-5.393749
-5.470392
-5.882348
-4.713542
-4.780605
-4.445292
-3.554318
-4.493194
-5.422490
-5.604517
-4.713542
-3.554318
-3.257326
-3.247746
-3.238165
-4.464453
-5.288365
-3.947113
-3.812988
-4.981793
-5.154240
-5.978151
-5.738642
-3.793827
-3.985434
-5.681160
-5.240463
-4.905150
-4.751864
-3.448934
-3.707603
-4.569837
-5.087177
-5.202141
-5.135079
-5.230883
-5.269204
-5.297945
-5.058436
-4.703962
-4.780605
-3.717184
-2.969915
-3.611800
-4.521935
-5.182981
-4.761445
-5.048855
-4.943471
-4.521935
-5.432070
-5.240463
-4.167461
-4.406971
-5.384169
-4.483613
-3.448934
-2.969915
-3.238165
-5.451231
-5.374588
-5.460812
-5.508713
-3.190264
-2.720825
-3.487255
-3.602220
-4.023756
-5.077597
-5.575776
-5.920669
-5.470392
-3.908791
-2.442995
-2.002298
-3.151942
-3.937532
-3.324389
-3.525577
-4.234524
-4.196202
-5.039275
-6.169759
-6.198500
-5.230883
-5.269204
-5.288365
-4.809346
-5.077597
-4.464453
-3.927952
-4.426131
-4.406971
-3.899211
-3.918372
-3.918372
-3.918372
-4.167461
-4.167461
-3.918372
-3.803407
-2.644182
-2.711245
-3.487255
-3.602220
-3.286067
-3.381871
-5.029695
-4.560256
-4.349488
-4.617739
-4.493194
-5.297945
-4.569837
-3.985434
-4.081238
-3.132781
-2.941174
-4.330328
-4.234524
-2.845370
-3.056138
-3.276487
-4.359069
-5.115918
-3.860889
-4.397390
-6.121857
-7.041573
-6.610456
-4.445292
-4.416551
-5.757803
-6.255982
-5.997312
-5.020114
-4.924311
-5.623678
-5.700321
-4.876409
-4.617739
-4.493194
-5.307526
-6.533813
-4.771025
-3.707603
-5.182981
-6.361366
-7.031992
-6.112277
-5.432070
-5.489552
-5.020114
-4.684802
-4.656060
-4.885989
-5.115918
-5.096757
-5.087177
-5.326686
-5.441651
-4.023756
-3.353130
-3.784246
-4.847668
-5.336267
-5.451231
-6.600875
-5.661999
-3.880050
-4.272845
-6.054794
-7.137376
-6.409268
-5.077597
-4.838088
-5.949410
-7.089475
-5.767383
-5.029695
-5.307526
-5.796124
-5.297945
-4.684802
-5.393749
-4.981793
-3.927952
-4.541096
-7.166118
-7.894226
-6.888287
-7.156537
-8.871424
-8.813941
-7.309823
-6.984090
-7.194859
-7.549332
-6.725420
-5.355427
-5.336267
-5.690741
-6.964930
-7.683457
-6.045214
-4.541096
-4.953052
-6.370947
-6.179339
-6.581715
-7.252341
-6.591295
-6.275143
-6.006893
-6.121857
-6.179339
-6.332625
-6.399688
-6.313465
-6.390108
-6.428429
-5.096757
-4.349488
-5.355427
-6.562554
-7.127796
-6.888287
-7.156537
-5.930250
-5.968571
-7.089475
-6.390108
-6.552974
-7.242761
-8.181637
-7.999610
-7.060733
-7.721779
-9.015129
-8.641495
-6.859546
-6.524233
-6.620036
-7.022412
-7.099055
-6.514652
-6.725420
-6.830804
-7.740940
-8.162477
-6.514652
-6.849965
-8.488209
-9.005548
-9.254639
-8.995968
-9.494147
-10.337220
-10.480926
-9.685755
-8.334923
-7.578074
-8.210378
-9.982746
-10.567149
-10.710855
-10.289318
-8.861843
-9.427085
-9.934845
-9.312120
-9.513309
-9.733657
-9.580371
-9.398344
-9.302540
-9.264218
-9.245058
-9.484568
-9.599532
-9.522889
-8.756459
-9.618692
-10.758757
-10.557569
-9.848621
-9.522889
-10.844980
-10.720435
-9.800719
-9.743237
-10.452185
-11.151552
-10.126452
-9.647433
-10.164774
-11.141972
-12.090428
-10.557569
-9.484568
-9.963586
-10.921623
-11.620990
-11.209034
-10.519247
-10.691694
-12.492804
-12.722733
-12.090428
-11.668892
-11.841338
-13.153850
-12.042526
-11.276096
-12.521544
-13.843637
-13.220912
-10.480926
-10.547989
-12.301196
-13.613708
-13.977761
-13.661609
-14.619646
-15.558522
-15.625585
-14.677129
-13.613708
-13.613708
-14.351396
-14.447200
-14.246012
-14.389717
-14.466360
-14.255592
-14.159788
-14.351396
-14.198110
-14.131047
-14.590905
-14.801673
-13.058045
-12.243714
-13.211331
-14.533422
-16.008801
-15.836353
-15.999220
-16.439917
-15.424397
-14.332235
-13.335876
-12.866438
-14.370557
-16.669846
-16.506979
-15.079504
-15.280692
-16.478237
-17.407534
-16.727327
-16.909355
-17.733267
-17.378794
-17.330891
-16.449497
-15.912996
-17.024319
-18.154802
-19.045778
-17.742847
-15.290272
-14.514262
-14.772932
-15.625585
-16.765650
-17.168024
-17.235086
-17.762009
-18.250607
-18.480536
-18.710464
-18.566759
-18.748787
-19.208643
-20.281645
-20.291225
-18.566759
-18.624241
-20.003815
-20.406191
-19.476894
-18.681723
-18.681723
-19.045778
-19.342770
-19.361929
-19.361929
-19.496056
-19.553537
-19.582279
-18.605080
-18.154802
-17.944035
-18.087740
-19.390671
-19.007456
-19.074518
-19.601439
-19.725985
-20.032557
-19.678082
-19.515215
-19.563118
-20.444511
-20.367868
-19.342770
-19.725985
-21.009754
-21.986952
-20.837307
-20.176262
-20.243324
-18.423054
-18.317669
-19.860109
-20.952271
-22.073175
-21.862406
-20.904369
-22.054014
-23.701838
-22.370167
-21.134298
-21.546255
-20.751083
-20.377449
-20.080458
-20.195421
-20.866049
-20.195421
-20.731922
-21.479191
-20.607378
-19.946333
-20.501993
-20.387030
-19.716404
-20.147520
-19.361929
-18.509277
-19.093679
-19.611019
-20.224163
-20.377449
-20.339128
-20.185843
-20.118778
-20.454092
-20.367868
-19.955914
-18.403893
-18.432634
-19.055357
-18.729626
-19.936752
-21.230103
-20.731922
-19.141581
-18.518858
-19.218224
-20.281645
-20.415771
-18.384731
-17.436275
-19.208643
-19.908010
-19.869690
-18.739206
-17.474596
-17.991936
-18.480536
-18.585920
-18.509277
-18.729626
-18.087740
-17.426695
-18.835009
-19.611019
-19.850529
-21.076817
-21.143879
-19.342770
-17.388372
-16.851873
-18.068579
-19.007456
-18.097321
-17.426695
-16.985998
-16.296211
-16.459078
-17.886553
-18.308088
-16.660265
-16.257889
-17.053061
-16.813551
-16.583622
-16.593203
-15.989639
-15.702228
-15.941737
-16.047121
-15.855514
-15.884255
-15.529781
-15.242371
-15.481879
-15.587263
-15.271111
-13.517903
-13.192171
-14.035243
-13.556225
-13.335876
-14.217271
-14.629227
-12.856858
-11.659311
-12.329937
-12.646090
-12.665251
-12.310777
-12.013785
-12.368258
-12.416161
-13.910699
-15.472300
-13.862797
-11.391061
-11.218615
-11.879660
-12.435322
-12.320357
-9.561211
-8.766040
-10.739595
-11.525187
-11.659311
-10.356381
-9.015129
-9.379183
-10.279738
-10.212675
-10.308479
-10.346801
-8.641495
-8.708557
-9.360023
-9.532469
-9.005548
-7.031992
-7.348145
-8.478628
-9.245058
-8.622334
-7.223600
-7.798422
-9.427085
-9.695335
-8.833102
-8.555271
-8.172056
-7.511011
-7.194859
-6.802063
-6.495492
-6.351786
-6.284723
-6.131437
-4.838088
-4.713542
-5.029695
-4.933891
-4.761445
-4.560256
-5.575776
-5.556615
-5.671580
-5.844026
-4.818927
-4.588998
-4.234524
-3.947113
-4.675221
-4.895570
-5.240463
-6.141018
-5.690741
-4.627319
-3.765086
-4.100399
-5.230883
-5.154240
-3.151942
-1.724467
-2.529218
-3.151942
-3.075299
-4.148301
-4.771025
-4.445292
-5.154240
-5.978151
-4.636899
-2.165164
-2.126842
-2.347191
-1.590342
-2.347191
-3.439353
-1.858592
-0.747269
-1.331672
-1.120903
-1.140064
-2.385512
-2.347191
-1.839431
-2.577120
-2.682504
-2.490896
-2.270548
-1.925655
-1.638243
-1.389154
-1.264609
-1.207127
-1.063421
-0.871814
-0.172447
0.411956
0.431117
-0.047902
-0.641885
0.067063
0.392795
-0.929296
-1.053841
-0.622724
-0.047902
0.833492
0.019161
-0.364054
0.316152
0.383215
0.421536
1.053841
1.350832
2.347191
1.829851
0.239509
1.456216
2.031039
1.187966
0.795171
0.000000
-0.373634
-0.057482
-0.890975
-0.910135
1.168805
2.260967
2.031039
2.548379
2.787888
2.778308
2.280128
2.414253
3.583059
3.630961
3.410612
2.328030
2.069360
3.056138
3.515996
4.464453
5.767383
4.895570
2.653763
2.337610
3.180683
3.573478
3.755505
4.205783
4.177042
3.784246
4.100399
4.493194
4.550676
5.441651
6.351786
6.275143
5.499133
5.020114
6.026053
6.006893
5.499133
6.121857
5.681160
6.706260
8.536111
7.549332
6.466751
5.958991
6.093116
5.920669
6.198500
6.945769
6.428429
6.313465
6.255982
6.974510
8.047512
7.683457
6.773322
7.587654
8.823522
8.287021
8.162477
8.104994
8.200797
8.986388
9.101353
9.043870
7.903806
6.754161
7.328984
8.334923
7.568493
7.587654
9.925264
10.777917
10.308479
10.950364
10.634212
9.015129
9.369603
10.394703
10.126452
9.762398
9.589952
9.513309
9.599532
9.388763
9.292960
9.494147
9.589952
9.637854
9.781559
10.710855
11.630570
11.688052
10.739595
9.312120
10.116872
11.237775
11.506025
11.515606
12.004205
12.358679
11.534766
10.787498
9.819880
8.392405
9.197156
11.170712
11.228195
10.519247
9.944425
9.676175
10.040229
10.835400
10.950364
11.496445
11.630570
11.812597
12.272455
10.758757
10.547989
11.678473
11.343160
11.803017
12.138330
11.438963
10.988686
11.755116
12.492804
12.100009
11.046167
10.931203
12.464063
12.080848
11.898821
13.537065
13.939440
13.383779
13.125108
12.511965
12.224553
12.828116
12.866438
12.511965
12.473643
12.828116
13.105947
13.240072
12.693992
12.310777
12.502384
13.450841
14.016083
14.035243
13.680770
12.655670
13.517903
14.178949
13.498743
13.173010
12.540706
12.119169
12.655670
13.891538
14.590905
13.192171
12.301196
11.879660
11.199453
11.985044
13.335876
13.719091
13.038885
13.575386
14.073565
13.326296
13.096367
12.377839
12.167071
12.923921
13.278394
13.450841
12.540706
12.607768
13.134688
12.272455
11.506025
11.630570
12.425741
12.799376
13.843637
13.949020
12.895180
12.531125
10.883302
11.343160
12.914340
12.540706
12.607768
12.521544
12.598187
12.387420
11.553927
11.046167
10.797078
10.691694
11.007846
10.912043
10.988686
11.141972
11.094069
12.310777
12.253295
11.247355
10.902462
11.103650
11.812597
11.783856
11.515606
11.276096
11.400641
12.080848
12.272455
12.732313
12.454482
11.094069
11.812597
12.272455
11.870080
11.314418
10.318060
10.586310
10.222256
9.197156
9.819880
11.831758
12.531125
12.856858
13.249653
11.343160
10.203095
10.902462
10.365961
9.139674
8.076253
8.679816
9.455826
8.833102
9.283380
9.733657
8.593593
8.804361
10.615051
10.107291
10.116872
11.362320
10.576730
9.484568
8.967227
7.376885
6.878706
8.248699
8.267860
8.037931
8.421146
8.354083
8.440307
8.852262
8.919326
8.334923
8.066672
8.919326
8.584012
8.057092
8.430726
8.239119
7.894226
7.491850
7.300243
7.578074
7.463109
8.401985
9.570790
8.152896
7.242761
7.309823
6.236822
5.978151
6.351786
6.150598
6.552974
6.620036
6.284723
7.597234
8.833102
8.172056
7.252341
7.070314
7.597234
6.610456
6.648777
7.894226
7.242761
6.696679
6.438009
5.336267
4.943471
5.997312
6.725420
6.332625
6.639197
6.658358
7.281082
7.578074
6.112277
6.294304
5.882348
4.454873
5.882348
7.664297
6.639197
5.796124
5.901508
5.949410
6.332625
6.524233
6.236822
6.466751
6.457170
6.083536
5.911089
7.424788
8.497789
8.267860
7.290662
6.715840
8.047512
7.683457
6.658358
7.031992
6.351786
4.924311
5.365008
6.562554
6.620036
5.173400
4.502774
4.924311
5.365008
5.077597
3.717184
3.947113
4.177042
3.056138
3.755505
5.556615
6.150598
6.428429
7.051153
6.725420
5.221302
4.521935
4.445292
4.157881
4.272845
4.205783
3.065719
3.142362
3.065719
2.165164
4.205783
6.141018
6.303884
5.882348
4.703962
3.669282
3.056138
3.880050
5.010534
3.927952
3.305228
3.880050
4.138720
4.014175
3.592639
3.515996
3.353130
3.161522
3.314808
3.391451
3.171103
4.426131
5.010534
4.426131
4.148301
3.410612
4.292006
4.454873
3.056138
2.893272
4.177042
5.508713
5.269204
4.301587
3.602220
3.151942
1.714886
0.670626
1.781949
2.548379
1.925655
2.615441
3.305228
3.008236
2.749567
3.372291
3.659702
3.429773
4.177042
3.544737
2.021458
1.676565
1.274189
1.207127
2.519638
2.893272
2.950754
2.232226
0.919716
0.182027
0.938876
2.280128
2.040619
1.322091
1.226287
1.053841
-0.249090
0.249090
1.341252
0.622724
0.776010
1.465797
1.542440
1.571181
1.590342
1.599922
1.484957
1.427475
1.274189
1.207127
1.417895
2.260967
2.519638
2.155583
1.983137
2.519638
2.644182
1.360413
1.734047
2.893272
2.328030
2.193905
1.762788
-0.287411
-0.871814
0.699367
1.063421
0.613144
1.264609
0.708947
-0.411956
-0.201188
-0.220349
-1.216707
-1.063421
1.101743
2.720825
2.739986
3.238165
2.615441
1.465797
0.555661
-0.229929
-0.479019
0.009580
0.613144
-0.210768
-0.344893
-0.900555
-2.270548
-0.565242
1.331672
1.111323
0.517340
-0.009580
1.101743
1.005939
-0.881394
-1.398734
-0.661046
-0.067063
0.086223
0.162866
-0.047902
-0.277831
0.114964
0.287411
0.134125
0.306572
0.258670
-0.009580
0.603563
1.140064
1.389154
1.255029
-0.028741
-0.143706
0.057482
-0.469438
-0.718528
0.890975
1.398734
-0.459858
-0.459858
-0.593983
-1.628663
-1.379573
-0.526920
0.239509
1.092162
1.120903
1.255029
1.073002
0.747269
0.344893
0.651465
1.647824
1.628663
2.107682
1.226287
-0.536501
-0.996359
-1.695726
-0.555661
1.456216
1.781949
1.446636
0.670626
0.306572
0.019161
0.009580
-0.373634
-0.421536
0.162866
0.565242
1.983137
2.270548
0.565242
0.507760
1.092162
0.996359
1.197546
0.929296
0.919716
1.283770
1.331672
1.360413
1.494538
1.427475
1.274189
1.446636
3.008236
3.487255
3.468094
3.583059
2.529218
2.893272
2.941174
2.720825
4.215363
3.927952
0.728108
-1.389154
-0.162866
0.785590
0.239509
1.705306
2.395093
1.724467
2.644182
2.950754
1.992717
1.168805
1.657404
1.877753
1.609502
2.347191
2.069360
0.593983
0.268250
1.839431
2.577120
1.446636
1.159225
1.647824
1.992717
2.644182
3.688443
4.052497
3.736345
4.933891
4.272845
2.232226
2.510057
3.381871
2.807049
1.801110
2.308869
3.171103
2.950754
2.481316
2.625022
2.816629
2.902852
3.065719
3.027397
2.883692
2.567539
2.423834
2.481316
2.375932
3.937532
5.029695
4.560256
4.090818
4.244104
5.412910
4.368649
2.404673
2.471736
2.500477
1.532859
1.082582
1.724467
2.644182
3.199844
3.209424
2.720825
2.749567
3.247746
3.841729
3.880050
3.774666
4.464453
3.803407
2.510057
3.132781
3.429773
3.563898
3.870470
3.151942
2.941174
2.471736
3.113621
3.544737
2.510057
2.031039
1.801110
2.318450
3.410612
3.429773
2.452575
2.739986
3.611800
3.161522
3.563898
3.257326
1.762788
1.801110
3.046558
3.391451
2.442995
2.241807
2.270548
2.040619
1.810690
1.820271
1.829851
1.954396
2.385512
2.701665
3.841729
4.857248
4.234524
3.563898
2.519638
1.666985
2.241807
2.395093
1.484957
0.316152
0.881394
1.389154
0.526920
0.977198
1.063421
1.350832
1.983137
1.293350
1.092162
1.120903
0.402376
0.919716
1.906494
1.130484
-0.086223
0.316152
1.858592
2.088521
1.341252
1.235868
1.925655
1.389154
0.766430
0.843073
0.881394
0.162866
-0.296991
0.833492
0.019161
-0.977198
-0.220349
-0.105384
-0.910135
-0.680206
0.047902
-0.593983
-1.264609
-0.967617
-0.699367
-1.187966
-1.302930
-0.977198
-0.833492
-0.641885
-0.795171
-1.111323
-1.140064
-1.149644
-1.159225
-1.034680
-0.373634
-0.182027
-1.187966
-2.280128
-2.414253
-1.379573
-0.900555
-2.395093
-2.720825
-2.510057
-3.515996
-3.362710
-2.433414
-1.877753
-3.094460
-4.033336
-4.100399
-4.129140
-4.148301
-4.157881
-3.295648
-2.529218
-3.401032
-4.790185
-4.579417
-5.211722
-5.882348
-4.713542
-2.692084
-2.615441
-3.190264
-2.969915
-4.215363
-5.661999
-4.493194
-3.324389
-4.014175
-4.339908
-5.844026
-8.267860
-8.536111
-6.811644
-6.131437
-6.677518
-5.949410
-5.729062
-7.357725
-7.242761
-5.594937
-5.202141
-5.508713
-5.403329
-5.479972
-5.508713
-5.527874
-5.776964
-5.776964
-5.901508
-6.323045
-6.275143
-4.771025
-4.445292
-5.269204
-5.911089
-6.447590
-5.594937
-6.303884
-8.114574
-9.685755
-10.921623
-9.522889
-8.018770
-8.047512
-7.817583
-8.076253
-8.200797
-8.622334
-7.472689
-6.811644
-7.731359
-7.913386
-8.373244
-8.344503
-8.813941
-9.896523
-10.892881
-11.362320
-10.835400
-9.235477
-8.986388
-9.609112
-10.021068
-9.973166
-10.068970
-9.992327
-9.580371
-9.637854
-9.417504
-10.059389
-11.333579
-11.438963
-9.771978
-8.986388
-9.245058
-8.871424
-8.574432
-9.043870
-9.264218
-9.005548
-9.120513
-9.551630
-9.867782
-9.771978
-9.609112
-9.657014
-10.164774
-10.279738
-9.839041
-9.886943
-9.906103
-8.928905
-9.455826
-10.691694
-10.892881
-10.739595
-10.423444
-11.256936
-11.285677
-10.557569
-11.448544
-11.860499
-9.963586
-9.082191
-10.270158
-11.065329
-11.074909
-11.074909
-11.438963
-12.109589
-11.678473
-10.365961
-10.126452
-10.385122
-11.985044
-13.460422
-13.048466
-12.856858
-12.761054
-11.486865
-10.777917
-11.793437
-12.272455
-11.630570
-12.444901
-13.192171
-13.038885
-11.620990
-11.084489
-11.937142
-10.241417
-11.055748
-13.527484
-14.054404
-14.437619
-13.872377
-12.138330
-12.186232
-13.067626
-12.253295
-11.994624
-12.358679
-12.167071
-12.320357
-12.761054
-12.598187
-12.272455
-12.492804
-12.847278
-12.885599
-12.904759
-12.052107
-10.423444
-9.906103
-10.902462
-12.837697
-13.249653
-13.690351
-14.380136
-12.981402
-10.854560
-10.116872
-10.758757
-10.682114
-10.892881
-12.339518
-11.180293
-8.660655
-8.229539
-7.779261
-8.066672
-9.177996
-10.557569
-10.097711
-8.775620
-9.015129
-8.631914
-8.459468
-9.120513
-8.440307
-7.999610
-9.388763
-10.289318
-8.986388
-9.120513
-9.915684
-10.164774
-10.279738
-9.474987
-9.225897
-8.612754
-9.063031
-9.771978
-10.461765
-11.649731
-10.979105
-9.063031
-8.287021
-8.794781
-9.149254
-9.187575
-9.455826
-9.580371
-9.513309
-9.609112
-9.906103
-10.040229
-9.848621
-9.886943
-9.906103
-9.666595
-8.938486
-9.091772
-9.781559
-8.995968
-8.258280
-8.526530
-9.024710
-8.766040
-9.015129
-9.379183
-8.440307
-7.875065
-8.104994
-8.708557
-9.235477
-9.973166
-9.695335
-8.334923
-8.076253
-8.564852
-8.670236
-9.091772
-10.279738
-10.088131
-8.890584
-8.708557
-9.110932
-9.292960
-9.379183
-9.915684
-10.902462
-11.362320
-10.969524
-10.902462
-11.850919
-12.789795
-11.381481
-10.116872
-11.237775
-10.787498
-10.452185
-10.787498
-10.940784
-11.745535
-11.755116
-12.013785
-12.856858
-12.885599
-12.167071
-11.956303
-11.850919
-11.563508
-11.055748
-10.576730
-10.595890
-10.844980
-11.218615
-11.141972
-10.854560
-10.969524
-10.040229
-8.497789
-8.143315
-9.829460
-11.726374
-10.758757
-10.068970
-10.480926
-9.695335
-9.570790
-10.864141
-10.231836
-9.455826
-10.931203
-12.358679
-11.917981
-11.592249
-12.540706
-12.866438
-12.272455
-11.391061
-10.844980
-10.107291
-10.250997
-10.442604
-10.538408
-11.927562
-11.716794
-11.122810
-11.094069
-10.959945
-11.266517
-11.036588
-11.793437
-12.272455
-12.368258
-11.803017
-11.410222
-11.601830
-9.714497
-9.091772
-10.643792
-10.500087
-10.557569
-12.186232
-12.943081
-11.946723
-11.362320
-12.071267
-12.397000
-11.688052
-10.988686
-10.662952
-9.896523
-9.791140
-10.356381
-10.365961
-10.001907
-9.839041
-10.126452
-9.158834
-7.721779
-8.037931
-8.421146
-9.714497
-10.557569
-10.461765
-9.934845
-8.325342
-8.076253
-8.200797
-8.746879
-9.379183
-8.804361
-9.034289
-10.241417
-11.055748
-10.452185
-10.413863
-10.394703
-8.794781
-9.024710
-9.752818
-9.101353
-8.181637
-8.373244
-9.570790
-9.628273
-9.292960
-8.641495
-7.606814
-7.980449
-9.264218
-9.982746
-8.842683
-7.817583
-8.449887
-7.261921
-5.355427
-5.585356
-7.156537
-7.769681
-7.568493
-8.449887
-9.484568
-8.612754
-6.725420
-7.204439
-8.526530
-8.775620
-8.775620
-7.913386
-7.261921
-7.328984
-7.357725
-7.376885
-7.137376
-7.022412
-7.214019
-7.185278
-6.064375
-5.412910
-5.479972
-6.495492
-8.938486
-9.216317
-8.727718
-8.497789
-7.539752
-6.227241
-6.227241
-7.702618
-7.166118
-7.041573
-8.085834
-7.712199
-6.428429
-4.972212
-5.278784
-6.284723
-5.518294
-6.026053
-6.878706
-7.396046
-7.511011
-6.955349
-6.936189
-5.575776
-5.556615
-5.920669
-5.594937
-6.179339
-6.696679
-6.447590
-5.844026
-5.441651
-5.000954
-4.675221
-5.020114
-6.399688
-7.913386
-7.635556
-6.888287
-6.284723
-5.154240
-5.604517
-6.926608
-7.175698
-7.903806
-8.363664
-7.223600
-6.208080
-5.729062
-5.633258
-5.585356
-5.441651
-5.489552
-5.891928
-5.949410
-5.729062
-4.521935
-4.330328
-4.723123
-4.790185
-5.068016
-3.851309
-4.263265
-5.317106
-6.294304
-7.491850
-6.821224
-4.780605
-4.081238
-4.617739
-4.244104
-5.182981
-5.614098
-4.100399
-4.253685
-5.192561
-5.125498
-5.221302
-5.269204
-5.288365
-4.809346
-4.464453
-5.163820
-5.365008
-5.211722
-4.771025
-5.058436
-5.556615
-4.933891
-5.384169
-6.581715
-7.376885
-6.888287
-5.432070
-5.489552
-5.269204
-3.573478
-3.391451
-4.790185
-6.054794
-6.639197
-6.303884
-5.039275
-5.058436
-6.303884
-6.390108
-6.054794
-6.275143
-6.370947
-6.294304
-6.629617
-6.543393
-6.006893
-6.121857
-6.428429
-6.572134
-5.403329
-5.479972
-5.882348
-5.824865
-6.897867
-5.441651
-4.751864
-6.160179
-7.424788
-8.267860
-7.798422
-6.591295
-5.537455
-5.297945
-6.533813
-6.984090
-6.830804
-7.376885
-7.750520
-7.558913
-7.223600
-6.821224
-5.891928
-6.438009
-7.808002
-8.689397
-8.976808
-7.511011
-5.355427
-4.962632
-5.393749
-5.968571
-7.951708
-9.254639
-7.769681
-6.332625
-6.150598
-6.073955
-7.146957
-8.382825
-8.344503
-6.974510
-6.945769
-7.922967
-7.271502
-6.351786
-6.658358
-6.802063
-6.380527
-6.667938
-6.802063
-6.620036
-6.533813
-6.620036
-6.782903
-6.735001
-6.217661
-6.102696
-6.169759
-5.834446
-4.569837
-4.109979
-4.876409
-5.594937
-5.930250
-4.617739
-4.742284
-7.012832
-8.325342
-7.453528
-6.926608
-7.415207
-6.294304
-5.891928
-6.438009
-5.345847
-4.953052
-5.518294
-5.901508
-5.585356
-5.556615
-6.169759
-6.447590
-6.945769
-6.562554
-7.003251
-7.328984
-5.633258
-3.860889
-2.912433
-3.084879
-4.397390
-5.738642
-5.633258
-4.474033
-4.675221
-5.259624
-5.901508
-6.323045
-5.288365
-3.822568
-3.391451
-4.042917
-4.723123
-5.278784
-5.048855
-4.081238
-4.253685
-5.307526
-5.805705
-5.537455
-5.173400
-5.125498
-5.096757
-5.087177
-4.953052
-4.771025
-4.569837
-4.474033
-4.435712
-3.554318
-3.142362
-3.190264
-3.219005
-2.979495
-2.136423
-2.845370
-3.918372
-4.905150
-5.978151
-5.374588
-3.621380
-3.046558
-3.765086
-4.464453
-4.924311
-5.125498
-3.995015
-3.592639
-3.774666
-3.113621
-3.056138
-4.502774
-5.796124
-4.186622
-2.941174
-3.219005
-3.228585
-2.615441
-3.075299
-3.525577
-2.883692
-3.812988
-5.106338
-3.985434
-3.468094
-4.081238
-3.506416
-3.113621
-4.406971
-5.259624
-2.835790
-1.944815
-3.736345
-4.081238
-3.506416
-4.100399
-4.378230
-3.650121
-3.180683
-3.084879
-3.286067
-3.257326
-3.372291
-3.305228
-2.902852
-2.835790
-2.797468
-2.912433
-2.960335
-2.126842
-1.245448
-1.082582
-2.232226
-3.630961
-3.420192
-3.199844
-3.468094
-3.592639
-3.276487
-3.621380
-4.033336
-3.726764
-3.841729
-4.502774
-3.707603
-1.609502
-1.130484
-1.762788
-2.672924
-3.219005
-3.477675
-2.979495
-2.375932
-2.098101
-2.337610
-2.203485
-2.634602
-3.937532
-3.314808
-3.276487
-3.621380
-1.944815
-1.283770
-1.829851
-1.599922
-0.632304
-0.670626
-0.804751
-0.383215
-1.293350
-1.714886
-1.666985
-1.762788
-0.958037
-0.210768
-1.331672
-1.494538
-1.561600
-2.337610
-1.829851
-1.839431
-1.849012
-1.609502
-1.494538
-1.437056
-1.417895
-1.523279
-1.571181
-1.350832
-0.028741
-0.268250
-1.235868
-1.437056
-1.044260
-0.249090
-1.226287
-1.312511
-1.973556
-2.529218
-1.676565
-0.661046
-0.440697
-0.574822
-0.766430
-1.590342
-1.849012
-1.111323
-1.015519
-1.465797
-0.814332
-0.632304
-2.021458
-2.299289
-0.584403
-0.153286
-0.938876
-1.916074
-3.228585
-2.625022
-1.111323
-1.877753
-1.983137
-1.791529
-3.420192
-4.675221
-3.295648
-1.916074
-2.490896
-1.781949
-0.469438
-0.718528
-1.446636
-2.644182
-3.947113
-4.186622
-2.452575
-0.900555
-1.781949
-2.193905
-1.638243
-1.389154
-1.264609
-1.580761
-1.973556
-1.781949
-1.456216
-1.542440
-1.829851
-1.963976
-1.293350
-0.364054
0.067063
-0.833492
-2.356771
-2.088521
-1.839431
-2.213066
-2.759147
-3.880050
-3.659702
-2.941174
-2.730406
-2.510057
-2.893272
-2.960335
-2.615441
-2.328030
-2.692084
-3.717184
-3.832148
-3.266906
-3.123201
-2.941174
-2.969915
-3.113621
-3.669282
-3.812988
-3.506416
-4.474033
-4.675221
-3.784246
-3.247746
-2.989076
-2.385512
-3.209424
-3.841729
-3.640541
-4.406971
-3.420192
-2.337610
-2.442995
-2.864531
-3.065719
-3.889631
-4.033336
-2.251387
-2.289709
-3.774666
-4.224944
-4.186622
-4.541096
-4.828507
-4.838088
-4.847668
-4.847668
-4.723123
-4.790185
-4.953052
-4.895570
-3.515996
-3.611800
-4.148301
-3.908791
-4.292006
-3.362710
-3.295648
-4.866828
-5.096757
-5.087177
-6.926608
-8.037931
-6.706260
-5.958991
-6.227241
-5.240463
-4.416551
-3.908791
-4.541096
-5.441651
-5.499133
-5.767383
-6.754161
-7.578074
-6.121857
-4.703962
-4.665641
-4.397390
-4.148301
-4.397390
-4.512355
-3.707603
-4.320747
-5.460812
-4.761445
-4.311167
-4.608159
-6.332625
-7.146957
-5.432070
-5.365008
-6.198500
-6.217661
-6.102696
-6.169759
-5.345847
-4.953052
-6.121857
-5.690741
-5.614098
-6.064375
-5.661999
-5.479972
-5.393749
-5.345847
-5.451231
-5.499133
-5.767383
-6.141018
-6.064375
-4.799766
-4.464453
-4.914730
-5.738642
-6.131437
-6.064375
-7.012832
-6.227241
-5.489552
-6.006893
-5.882348
-5.575776
-5.192561
-5.259624
-5.901508
-5.460812
-5.020114
-5.173400
-6.600875
-7.261921
-6.591295
-6.150598
-4.962632
-5.144659
-6.466751
-7.702618
-8.766040
-8.152896
-7.127796
-6.035634
-5.403329
-6.217661
-6.351786
-6.169759
-5.834446
-5.182981
-5.987732
-6.735001
-6.955349
-8.172056
-9.101353
-8.057092
-7.214019
-8.037931
-7.443948
-5.566195
-5.058436
-5.690741
-6.342206
-6.897867
-6.667938
-6.064375
-6.150598
-6.323045
-6.639197
-6.667938
-6.438009
-6.821224
-7.003251
-6.955349
-6.073955
-5.786544
-5.786544
-6.141018
-6.064375
-4.435712
-5.633258
-7.549332
-6.600875
-6.160179
-7.185278
-6.552974
-6.141018
-7.051153
-6.859546
-5.911089
-5.345847
-5.202141
-6.361366
-6.782903
-6.610456
-7.645136
-9.714497
-10.193515
-8.449887
-7.635556
-7.376885
-6.763742
-6.112277
-6.418849
-7.673877
-8.018770
-8.411566
-8.976808
-9.599532
-10.634212
-9.024710
-8.028351
-8.181637
-7.012832
-7.578074
-8.948067
-7.750520
-5.834446
-6.409268
-8.037931
-6.945769
-6.447590
-7.194859
-6.552974
-6.505072
-6.849965
-7.261921
-7.693038
-7.779261
-7.693038
-7.530171
-7.328984
-7.606814
-8.104994
-6.485911
-5.499133
-6.380527
-7.166118
-7.156537
-6.169759
-6.696679
-7.309823
-7.099055
-7.865485
-7.606814
-6.754161
-7.089475
-7.376885
-7.376885
-7.875065
-8.104994
-6.859546
-7.386466
-8.497789
-8.516950
-9.024710
-8.152896
-6.763742
-6.476331
-6.715840
-7.070314
-7.980449
-8.152896
-6.514652
-6.112277
-7.041573
-6.236822
-6.600875
-8.612754
-9.187575
-7.616395
-7.367305
-8.727718
-7.894226
-7.127796
-6.897867
-6.054794
-6.150598
-7.549332
-8.689397
-7.999610
-7.913386
-7.760100
-6.696679
-6.811644
-6.744581
-6.600875
-6.648777
-6.792483
-6.859546
-6.773322
-6.610456
-6.284723
-6.380527
-5.317106
-5.068016
-6.303884
-7.242761
-7.070314
-5.518294
-6.275143
-6.984090
-6.581715
-7.127796
-8.248699
-7.175698
-5.317106
-5.556615
-6.160179
-7.549332
-8.200797
-6.782903
-5.748222
-6.380527
-6.917028
-7.290662
-8.200797
-8.009191
-6.572134
-5.776964
-6.265563
-7.357725
-8.852262
-8.804361
-8.296601
-7.808002
-6.600875
-5.661999
-5.719481
-7.348145
-7.127796
-6.773322
-7.836743
-6.735001
-6.466751
-7.443948
-7.530171
-6.840385
-6.763742
-6.725420
-5.729062
-5.997312
-6.121857
-6.303884
-6.514652
-6.112277
-5.930250
-6.093116
-6.533813
-6.495492
-6.227241
-6.476331
-6.342206
-6.035634
-4.914730
-4.387810
-4.387810
-5.000954
-6.026053
-4.905150
-5.489552
-6.744581
-6.964930
-7.922967
-7.760100
-6.332625
-5.412910
-5.355427
-5.211722
-6.495492
-7.702618
-6.179339
-5.834446
-5.930250
-5.479972
-5.020114
-5.297945
-6.169759
-5.336267
-5.326686
-6.543393
-6.629617
-5.681160
-5.355427
-5.336267
-4.828507
-5.824865
-6.658358
-5.575776
-6.045214
-7.501431
-7.319404
-6.984090
-7.443948
-6.802063
-6.006893
-6.495492
-6.849965
-6.639197
-7.041573
-6.485911
-6.351786
-6.284723
-5.393749
-5.594937
-5.441651
-5.614098
-5.939830
-5.978151
-5.987732
-5.872767
-5.815285
-5.796124
-5.661999
-4.493194
-5.048855
-6.294304
-6.390108
-6.179339
-6.083536
-6.658358
-5.326686
-5.068016
-6.802063
-6.869126
-5.422490
-4.378230
-5.000954
-5.039275
-5.182981
-5.499133
-3.918372
-3.927952
-5.278784
-6.524233
-6.984090
-6.706260
-6.696679
-6.083536
-6.524233
-6.620036
-5.547035
-4.684802
-4.397390
-5.135079
-5.968571
-6.725420
-7.204439
-7.060733
-7.357725
-7.740940
-8.287021
-7.808002
-6.227241
-5.738642
-6.006893
-5.882348
-6.188920
-8.430726
-9.599532
-7.683457
-6.907447
-6.917028
-5.939830
-6.093116
-6.294304
-6.141018
-5.815285
-5.671580
-5.844026
-5.930250
-6.093116
-6.169759
-6.073955
-5.297945
-4.684802
-4.771025
-6.284723
-7.367305
-5.776964
-6.016473
-6.754161
-5.987732
-6.485911
-8.325342
-8.928905
-7.491850
-7.558913
-8.449887
-7.022412
-6.725420
-7.932547
-7.271502
-6.102696
-7.156537
-7.156537
-5.556615
-6.409268
-7.788842
-7.443948
-7.415207
-9.733657
-10.452185
-7.827163
-6.849965
-6.763742
-6.236822
-5.489552
-5.642838
-6.323045
-5.288365
-5.920669
-7.319404
-7.357725
-7.616395
-7.003251
-6.715840
-7.070314
-6.744581
-6.591295
-6.897867
-7.894226
-7.750520
-7.060733
-7.357725
-7.491850
-7.309823
-7.223600
-7.185278
-7.290662
-7.712199
-7.903806
-8.124155
-8.219958
-6.667938
-6.064375
-6.648777
-8.028351
-10.145613
-9.906103
-9.915684
-9.551630
-7.530171
-6.476331
-6.715840
-7.932547
-8.622334
-9.072611
-9.522889
-8.133735
-7.118216
-7.511011
-8.670236
-9.954005
-9.197156
-8.603173
-8.564852
-8.057092
-7.827163
-8.574432
-9.542049
-8.881004
-8.449887
-8.986388
-9.235477
-8.986388
-8.258280
-8.651075
-9.206737
-8.727718
-8.871424
-8.823522
-8.181637
-7.884645
-8.478628
-9.245058
-9.982746
-10.567149
-9.599532
-8.785200
-8.900165
-8.948067
-9.839041
-10.375542
-9.886943
-9.657014
-9.551630
-9.503728
-9.474987
-9.350442
-9.283380
-9.379183
-9.417504
-9.934845
-8.698977
-7.386466
-7.999610
-9.149254
-9.561211
-9.139674
-10.174354
-11.266517
-11.783856
-12.023366
-11.515606
-10.912043
-10.260577
-10.203095
-9.446246
-9.206737
-10.452185
-10.413863
-10.394703
-10.270158
-10.212675
-9.934845
-10.298899
-11.822178
-11.055748
-9.714497
-9.580371
-9.762398
-9.599532
-9.273799
-9.494147
-9.599532
-10.385122
-11.735954
-11.630570
-11.333579
-11.074909
-11.438963
-11.860499
-11.438963
-11.611409
-10.959945
-10.768337
-11.793437
-12.147910
-11.448544
-10.509667
-11.295258
-12.406580
-12.435322
-12.320357
-12.023366
-11.400641
-11.103650
-11.582668
-11.678473
-11.726374
-12.234134
-12.473643
-12.224553
-11.362320
-10.835400
-10.107291
-11.113231
-13.805315
-13.575386
-12.732313
-12.464063
-10.988686
-10.413863
-12.243714
-13.584966
-12.732313
-12.588608
-12.885599
-11.553927
-10.308479
-10.346801
-10.730016
-11.649731
-13.192171
-14.025663
-12.943081
-12.923921
-13.910699
-13.498743
-13.192171
-13.287974
-13.824475
-13.335876
-13.853216
-15.443558
-14.466360
-12.282036
-11.391061
-12.329937
-13.019724
-11.975464
-12.109589
-13.766994
-14.543003
-13.556225
-13.086786
-13.977761
-13.173010
-12.540706
-12.990983
-13.077207
-13.479582
-13.546644
-13.460422
-13.412519
-13.393358
-13.508323
-13.805315
-14.063985
-14.063985
-13.824475
-14.073565
-14.322655
0.000000
0.000000
0.000000
0.000000
0.000000
0.000000
0.000000
0.000000
0.000000
0.000000
0.000000
0.000000
0.000000
0.000000
0.000000
0.000000
0.000000
0.000000
0.000000
0.000000
0.000000
0.000000
0.000000
0.000000
0.000000
0.000000
0.000000
0.000000
0.000000
0.000000
0.000000
0.000000
0.000000
0.000000
0.000000
0.000000
0.000000
0.000000
0.000000
0.000000
