-8.085834
-7.099055
-6.275143
-6.380527
-6.179339
-5.968571
-5.872767
-5.824865
-5.796124
-5.911089
-6.093116
-6.045214
-5.901508
-5.719481
-5.872767
-5.949410
-5.738642
-5.508713
-5.527874
-6.035634
-6.141018
-5.949410
-6.102696
-6.179339
-5.968571
-5.863187
-5.824865
-5.920669
-5.853607
-5.317106
-5.441651
-5.987732
-6.121857
-5.815285
-5.547035
-5.911089
-6.083536
-6.045214
-6.275143
-6.505072
-5.987732
-5.259624
-5.288365
-5.547035
-5.671580
-5.729062
-5.757803
-6.016473
-6.016473
-5.518294
-5.412910
-5.604517
-5.700321
-5.623678
-5.585356
-5.566195
-5.556615
-5.432070
-5.240463
-5.403329
-5.853607
-5.690741
-5.729062
-5.633258
-5.211722
-5.882348
-5.949410
-5.978151
-5.250043
-4.550676
-5.077597
-4.713542
-5.029695
-4.943471
-3.784246
-4.608159
-4.742284
-4.550676
-5.575776
-4.703962
-3.429773
-4.445292
-5.776964
-6.390108
-6.064375
-4.684802
-4.282426
-3.602220
-3.036978
-3.640541
-3.918372
-4.541096
-5.939830
-6.102696
-5.432070
-5.623678
-6.323045
-7.137376
-7.769681
-6.830804
-6.141018
-6.323045
-5.786544
-5.911089
-4.972212
-2.941174
-2.605861
-4.177042
-5.403329
-4.866828
-4.732703
-5.661999
-5.853607
-5.690741
-5.987732
-6.370947
-6.045214
-5.652419
-5.719481
-5.997312
-5.757803
-4.406971
-3.908791
-4.656060
-5.384169
-5.594937
-5.317106
-4.579417
-4.723123
-5.776964
-4.675221
-4.033336
-4.598578
-3.506416
-3.736345
-4.215363
-4.311167
-5.345847
-5.326686
-5.441651
-5.614098
-5.202141
-5.010534
-5.048855
-4.694382
-4.905150
-5.250043
-4.052497
-3.611800
-3.908791
-3.793827
-4.244104
-4.205783
-5.412910
-7.453528
-7.788842
-6.964930
-6.083536
-6.907447
-8.267860
-8.172056
-7.386466
-6.773322
-5.997312
-5.757803
-5.393749
-4.004595
-3.717184
-3.219005
-3.238165
-4.723123
-5.288365
-5.422490
-5.125498
-5.106338
-5.709901
-5.997312
-5.882348
-5.824865
-5.805705
-6.035634
-5.527874
-4.799766
-5.077597
-5.824865
-5.796124
-5.163820
-5.240463
-4.665641
-4.033336
-4.100399
-4.253685
-3.956693
-4.320747
-4.972212
-5.029695
-5.556615
-5.920669
-6.591295
-6.524233
-5.757803
-6.141018
-6.073955
-6.035634
-6.763742
-6.112277
-5.805705
-4.924311
-3.774666
-4.224944
-5.048855
-5.690741
-5.365008
-5.096757
-5.460812
-6.495492
-6.361366
-5.805705
-6.533813
-6.869126
-6.284723
-5.393749
-6.093116
-6.667938
-5.949410
-4.751864
-3.199844
-4.205783
-5.163820
-4.387810
-4.761445
-5.422490
-5.614098
-5.451231
-5.125498
-5.221302
-5.518294
-5.537455
-5.786544
-6.026053
-5.901508
-5.345847
-3.851309
-3.899211
-5.269204
-5.288365
-5.920669
-5.968571
-5.125498
-5.968571
-5.623678
-4.598578
-4.368649
-3.515996
-4.234524
-4.933891
-4.771025
-5.805705
-5.911089
-6.208080
-6.840385
-5.776964
-5.288365
-5.671580
-5.604517
-5.451231
-6.246402
-5.135079
-3.630961
-4.282426
-4.579417
-5.096757
-5.585356
-5.077597
-5.077597
-5.451231
-5.374588
-5.958991
-5.863187
-4.579417
-4.608159
-5.604517
-5.566195
-5.796124
-5.297945
-4.694382
-5.154240
-4.991373
-4.675221
-4.895570
-5.365008
-5.585356
-5.317106
-5.192561
-5.508713
-5.652419
-5.594937
-5.202141
-5.144659
-5.604517
-6.064375
-5.422490
-5.489552
-6.141018
-5.949410
-5.614098
-5.700321
-5.250043
-3.563898
-3.755505
-4.100399
-3.765086
-4.100399
-3.027397
-3.391451
-5.154240
-5.853607
-6.179339
-6.457170
-5.978151
-5.987732
-6.984090
-6.457170
-5.853607
-5.566195
-5.182981
-5.614098
-5.087177
-4.215363
-5.173400
-5.614098
-5.451231
-5.623678
-4.723123
-4.665641
-5.623678
-5.211722
-5.269204
-5.297945
-6.169759
-6.955349
-5.834446
-5.182981
-5.499133
-6.265563
-6.121857
-4.703962
-4.416551
-4.895570
-5.614098
-6.323045
-5.911089
-5.719481
-5.499133
-5.403329
-5.604517
-5.575776
-5.566195
-5.681160
-5.853607
-5.939830
-5.240463
-5.403329
-6.342206
-6.782903
-6.984090
-6.591295
-6.897867
-7.769681
-7.443948
-6.303884
-5.652419
-5.719481
-6.121857
-6.188920
-5.355427
-5.211722
-5.642838
-6.332625
-8.009191
-7.309823
-5.259624
-5.297945
-5.681160
-4.751864
-4.560256
-5.575776
-5.068016
-4.339908
-4.368649
-4.378230
-4.138720
-3.535157
-4.368649
-5.365008
-5.834446
-6.294304
-6.265563
-6.744581
-6.476331
-6.227241
-6.600875
-6.533813
-6.006893
-4.895570
-4.014175
-4.953052
-6.131437
-5.824865
-5.058436
-4.828507
-5.336267
-5.326686
-5.192561
-5.508713
-6.016473
-5.891928
-5.336267
-5.317106
-5.317106
-5.556615
-5.547035
-4.560256
-4.349488
-4.991373
-4.550676
-4.713542
-4.914730
-4.023756
-4.464453
-4.914730
-4.761445
-4.933891
-4.406971
-4.646480
-5.738642
-6.495492
-6.485911
-5.978151
-5.748222
-6.131437
-7.051153
-6.620036
-6.294304
-6.390108
-5.077597
-4.713542
-5.527874
-5.412910
-5.106338
-4.847668
-4.847668
-5.719481
-5.623678
-5.709901
-6.246402
-6.236822
-6.236822
-5.748222
-5.269204
-5.786544
-6.524233
-6.246402
-5.872767
-4.713542
-4.301587
-4.838088
-5.709901
-6.246402
-5.499133
-5.154240
-5.365008
-5.585356
-5.690741
-5.738642
-5.882348
-5.949410
-5.863187
-6.064375
-6.399688
-6.562554
-5.776964
-5.527874
-6.275143
-6.380527
-6.552974
-6.380527
-6.188920
-6.332625
-5.911089
-4.972212
-4.790185
-5.317106
-5.805705
-5.547035
-4.924311
-5.748222
-6.131437
-5.690741
-5.365008
-4.474033
-4.924311
-5.623678
-5.585356
-5.690741
-5.738642
-6.255982
-6.495492
-6.112277
-4.579417
-4.109979
-4.272845
-3.726764
-3.832148
-4.627319
-5.614098
-4.838088
-4.349488
-5.240463
-5.039275
-5.556615
-6.782903
-6.246402
-5.987732
-5.384169
-3.381871
-3.554318
-4.742284
-4.550676
-4.598578
-5.230883
-5.652419
-5.470392
-5.010534
-5.048855
-5.317106
-5.068016
-4.953052
-5.278784
-5.547035
-5.911089
-5.594937
-5.441651
-5.863187
-6.188920
-6.332625
-6.160179
-6.208080
-6.342206
-5.920669
-4.483613
-3.937532
-4.799766
-5.566195
-5.681160
-5.240463
-5.527874
-5.901508
-6.332625
-7.146957
-6.543393
-5.518294
-5.527874
-6.150598
-5.949410
-5.115918
-4.109979
-3.276487
-3.132781
-3.065719
-3.899211
-4.416551
-3.784246
-4.359069
-5.489552
-6.131437
-6.802063
-6.505072
-6.984090
-8.315762
-8.191217
-7.156537
-6.294304
-6.141018
-5.460812
-5.010534
-4.435712
-4.416551
-5.384169
-5.221302
-5.144659
-5.729062
-5.997312
-6.006893
-6.006893
-6.131437
-5.939830
-5.604517
-5.700321
-5.987732
-6.370947
-5.681160
-5.115918
-5.594937
-5.815285
-5.307526
-5.192561
-5.010534
-3.448934
-3.468094
-4.703962
-5.403329
-6.093116
-5.058436
-4.454873
-5.652419
-5.834446
-5.556615
-5.422490
-5.729062
-5.633258
-4.474033
-4.560256
-5.087177
-4.339908
-3.880050
-4.148301
-5.384169
-6.332625
-5.182981
-5.135079
-6.093116
-6.418849
-6.936189
-5.824865
-4.943471
-6.495492
-7.223600
-7.434368
-6.677518
-4.723123
-4.550676
-5.077597
-5.077597
-5.451231
-5.250043
-5.652419
-6.830804
-5.901508
-4.483613
-4.684802
-5.393749
-5.594937
-5.690741
-5.738642
-6.006893
-6.370947
-6.303884
-6.026053
-5.642838
-5.709901
-5.259624
-4.924311
-5.384169
-5.844026
-6.179339
-5.106338
-4.847668
-5.719481
-5.623678
-4.838088
-3.736345
-2.854951
-3.429773
-3.947113
-5.048855
-6.667938
-6.438009
-6.208080
-6.715840
-6.093116
-5.930250
-5.968571
-4.636899
-5.240463
-5.776964
-6.016473
-5.891928
-4.847668
-4.723123
-5.412910
-5.604517
-4.953052
-5.393749
-7.070314
-7.003251
-5.479972
-5.518294
-5.163820
-5.489552
-5.891928
-6.572134
-7.625975
-7.012832
-6.849965
-6.524233
-5.872767
-5.451231
-4.263265
-3.228585
-3.726764
-4.943471
-5.393749
-5.479972
-5.642838
-5.958991
-6.227241
-5.863187
-5.441651
-5.623678
-6.073955
-5.547035
-5.297945
-6.045214
-6.888287
-7.281082
-6.974510
-6.945769
-7.434368
-6.667938
-5.575776
-5.441651
-5.125498
-5.221302
-6.380527
-6.303884
-4.790185
-5.068016
-5.690741
-5.987732
-5.872767
-4.713542
-4.541096
-5.077597
-5.451231
-5.135079
-4.244104
-3.832148
-3.880050
-3.908791
-4.531516
-5.690741
-6.351786
-5.796124
-5.173400
-5.614098
-5.824865
-5.805705
-5.796124
-5.661999
-6.581715
-7.137376
-6.160179
-5.585356
-5.192561
-5.135079
-4.129140
-3.401032
-4.550676
-5.326686
-5.690741
-5.863187
-5.700321
-5.738642
-5.882348
-5.834446
-5.805705
-5.671580
-5.604517
-5.824865
-6.169759
-5.594937
-5.202141
-6.370947
-6.917028
-6.802063
-6.006893
-5.518294
-5.901508
-5.719481
-5.623678
-5.460812
-5.384169
-5.345847
-5.690741
-5.240463
-4.301587
-5.211722
-5.642838
-6.083536
-6.907447
-5.930250
-5.479972
-5.757803
-5.403329
-4.981793
-4.914730
-4.636899
-4.627319
-5.614098
-5.700321
-4.876409
-4.742284
-4.560256
-5.326686
-6.054794
-5.661999
-6.093116
-6.045214
-4.790185
-4.579417
-5.709901
-6.361366
-6.294304
-4.790185
-2.854951
-3.065719
-4.272845
-4.339908
-4.493194
-5.422490
-6.102696
-6.054794
-5.661999
-5.604517
-5.700321
-5.863187
-5.939830
-5.853607
-5.690741
-5.863187
-5.566195
-5.805705
-6.533813
-6.380527
-5.690741
-5.863187
-6.677518
-5.460812
-4.272845
-4.828507
-5.211722
-6.121857
-7.166118
-6.179339
-4.857248
-4.359069
-5.240463
-7.127796
-6.773322
-5.748222
-6.380527
-6.179339
-5.958991
-5.978151
-4.272845
-3.353130
-4.157881
-4.531516
-4.703962
-5.403329
-5.968571
-5.499133
-5.278784
-6.160179
-5.834446
-5.556615
-6.409268
-6.188920
-5.106338
-4.972212
-5.278784
-5.173400
-5.863187
-4.588998
-3.257326
-4.598578
-5.106338
-5.221302
-6.380527
-6.802063
-6.255982
-6.006893
-5.882348
-5.824865
-5.556615
-5.422490
-5.614098
-5.211722
-5.020114
-5.796124
-5.661999
-5.844026
-7.041573
-7.348145
-6.265563
-5.518294
-5.901508
-6.457170
-6.715840
-6.093116
-5.556615
-5.182981
-3.525577
-3.621380
-5.020114
-5.911089
-6.821224
-6.514652
-5.623678
-6.198500
-7.693038
-7.166118
-6.418849
-6.447590
-5.844026
-4.943471
-4.646480
-5.010534
-5.911089
-6.083536
-5.796124
-6.897867
-6.418849
-5.460812
-6.370947
-6.667938
-6.198500
-6.591295
-6.035634
-5.403329
-6.102696
-6.179339
-5.470392
-4.406971
-4.397390
-5.144659
-5.978151
-5.863187
-4.588998
-4.483613
-5.422490
-5.738642
-5.882348
-5.949410
-6.102696
-6.179339
-5.719481
-5.748222
-6.255982
-6.495492
-5.987732
-5.259624
-5.652419
-5.834446
-5.182981
-5.374588
-5.221302
-4.292006
-4.215363
-4.311167
-5.221302
-6.505072
-5.499133
-4.167461
-4.531516
-5.441651
-5.250043
-5.776964
-6.150598
-4.723123
-5.403329
-6.591295
-6.160179
-6.198500
-5.479972
-3.544737
-3.630961
-4.406971
-4.033336
-4.100399
-4.014175
-3.726764
-4.694382
-5.029695
-5.307526
-5.681160
-4.991373
-5.412910
-6.102696
-6.792483
-7.357725
-6.629617
-6.543393
-7.242761
-6.830804
-5.537455
-5.297945
-5.432070
-5.125498
-5.345847
-5.824865
-6.045214
-5.776964
-5.661999
-5.719481
-5.757803
-5.767383
-5.776964
-5.901508
-6.208080
-5.489552
-5.642838
-6.696679
-6.821224
-7.003251
-6.715840
-5.355427
-4.847668
-5.834446
-5.556615
-5.307526
-6.054794
-5.039275
-4.818927
-6.323045
-7.137376
-7.520591
-7.214019
-6.821224
-7.740940
-7.673877
-6.907447
-7.166118
-6.677518
-5.336267
-4.838088
-4.723123
-4.665641
-5.384169
-5.470392
-5.882348
-7.300243
-6.859546
-5.911089
-6.581715
-7.261921
-7.827163
-8.210378
-7.156537
-5.681160
-5.365008
-4.349488
-4.617739
-6.227241
-5.738642
-5.020114
-5.671580
-5.844026
-4.454873
-4.052497
-4.857248
-5.221302
-5.154240
-5.240463
-5.527874
-5.288365
-5.422490
-5.738642
-5.757803
-6.016473
-5.393749
-5.719481
-7.348145
-7.990029
-7.798422
-6.715840
-5.719481
-5.499133
-5.652419
-5.106338
-4.723123
-5.048855
-4.454873
-4.914730
-6.112277
-7.041573
-7.348145
-6.141018
-5.700321
-6.485911
-5.863187
-5.451231
-5.508713
-4.790185
-5.441651
-6.600875
-5.920669
-5.355427
-5.087177
-4.598578
-4.608159
-4.866828
-5.719481
-5.508713
-5.527874
-6.026053
-5.901508
-6.208080
-5.853607
-4.828507
-4.838088
-4.972212
-6.016473
-7.242761
-6.581715
-5.163820
-4.502774
-4.569837
-4.598578
-4.981793
-5.537455
-5.547035
-5.547035
-5.671580
-5.853607
-6.064375
-6.035634
-5.776964
-5.661999
-5.968571
-5.863187
-5.441651
-5.748222
-6.131437
-6.064375
-6.035634
-5.288365
-3.583059
-4.387810
-5.738642
-5.144659
-5.355427
-4.474033
-3.199844
-4.330328
-4.857248
-5.470392
-6.370947
-7.041573
-6.984090
-6.581715
-6.773322
-6.610456
-5.796124
-4.675221
-4.282426
-3.726764
-4.205783
-5.412910
-4.742284
-4.071658
-4.857248
-5.594937
-6.188920
-6.706260
-6.093116
-5.058436
-5.930250
-7.204439
-7.185278
-6.802063
-5.393749
-3.755505
-3.602220
-3.286067
-3.257326
-3.860889
-4.761445
-5.058436
-5.077597
-5.700321
-5.863187
-5.824865
-5.796124
-5.911089
-5.968571
-5.499133
-4.780605
-4.818927
-5.575776
-5.556615
-5.307526
-5.920669
-6.332625
-5.786544
-5.039275
-4.694382
-4.292006
-4.838088
-4.972212
-4.416551
-4.646480
-3.650121
-3.678863
-5.537455
-6.160179
-5.585356
-5.566195
-6.169759
-5.958991
-6.102696
-5.690741
-5.125498
-5.106338
-4.359069
-4.991373
-4.311167
-2.874111
-3.439353
-3.698023
-4.071658
-5.604517
-6.064375
-5.661999
-5.968571
-5.623678
-5.700321
-5.738642
-5.508713
-5.163820
-4.138720
-4.157881
-4.905150
-4.751864
-4.684802
-4.656060
-4.512355
-4.454873
-4.177042
-4.780605
-5.566195
-5.805705
-5.671580
-5.604517
-5.451231
-5.374588
-5.345847
-5.326686
-5.690741
-6.112277
-5.566195
-5.058436
-5.939830
-6.466751
-5.604517
-5.949410
-5.978151
-4.023756
-4.224944
-4.809346
-4.215363
-5.297945
-5.307526
-3.956693
-4.435712
-5.642838
-6.208080
-6.342206
-5.671580
-6.093116
-7.654716
-6.533813
-6.495492
-7.099055
-5.288365
-5.547035
-6.658358
-6.687099
-5.949410
-4.991373
-5.288365
-6.782903
-6.121857
-4.953052
-5.891928
-6.572134
-7.376885
-7.760100
-6.581715
-4.675221
-5.020114
-6.035634
-6.150598
-4.962632
-3.305228
-3.515996
-4.474033
-4.550676
-4.713542
-5.403329
-5.604517
-5.575776
-5.441651
-5.499133
-5.767383
-5.901508
-5.709901
-5.623678
-5.709901
-5.987732
-5.384169
-4.483613
-5.297945
-6.054794
-5.537455
-5.537455
-5.422490
-4.378230
-4.272845
-3.966274
-3.832148
-4.502774
-4.320747
-3.870470
-4.512355
-4.694382
-4.780605
-6.054794
-7.137376
-7.146957
-6.792483
-7.482270
-6.083536
-4.320747
-4.847668
-4.857248
-3.870470
-4.397390
-5.508713
-6.150598
-7.309823
-6.859546
-6.160179
-5.949410
-5.738642
-6.246402
-7.108635
-6.888287
-6.294304
-6.265563
-5.508713
-4.541096
-4.339908
-3.755505
-3.602220
-4.521935
-4.454873
-4.301587
-5.211722
-6.131437
-6.064375
-5.796124
-5.537455
-5.412910
-5.853607
-5.939830
-5.604517
-5.575776
-5.690741
-5.978151
-5.259624
-3.199844
-4.081238
-5.978151
-5.997312
-6.006893
-6.131437
-4.953052
-5.278784
-6.284723
-5.393749
-6.217661
-7.214019
-6.811644
-6.141018
-5.949410
-6.600875
-6.035634
-5.163820
-5.489552
-5.393749
-5.479972
-5.882348
-4.962632
-3.669282
-4.550676
-5.700321
-5.748222
-6.505072
-5.997312
-4.646480
-5.250043
-5.901508
-5.719481
-5.997312
-6.859546
-6.897867
-6.428429
-6.083536
-5.547035
-5.547035
-6.284723
-7.003251
-6.227241
-5.863187
-6.438009
-5.221302
-3.918372
-5.154240
-6.351786
-6.294304
-6.141018
-5.824865
-5.930250
-5.968571
-5.872767
-5.824865
-5.796124
-5.911089
-6.208080
-5.489552
-4.531516
-5.326686
-5.815285
-5.422490
-5.240463
-4.665641
-3.650121
-3.803407
-5.106338
-5.336267
-5.690741
-6.600875
-6.160179
-5.949410
-6.102696
-6.428429
-6.323045
-6.160179
-6.572134
-5.901508
-5.709901
-6.361366
-5.805705
-4.435712
-4.905150
-5.614098
-5.575776
-5.930250
-5.240463
-4.177042
-4.541096
-5.815285
-6.294304
-6.629617
-6.303884
-4.790185
-5.690741
-6.974510
-5.844026
-5.556615
-4.933891
-3.535157
-3.257326
-3.008236
-2.634602
-2.586700
-3.180683
-3.333969
-3.784246
-5.096757
-5.585356
-5.317106
-5.441651
-5.738642
-5.642838
-5.594937
-5.815285
-5.920669
-5.844026
-5.192561
-4.148301
-4.531516
-4.943471
-4.531516
-5.805705
-6.284723
-4.665641
-5.010534
-5.920669
-4.981793
-5.776964
-7.386466
-6.409268
-5.824865
-5.920669
-5.345847
-5.939830
-6.466751
-5.604517
-5.202141
-5.384169
-5.106338
-4.972212
-4.416551
-3.918372
-4.167461
-4.282426
-4.713542
-5.029695
-5.058436
-4.703962
-5.278784
-6.160179
-6.083536
-6.409268
-6.188920
-6.093116
-6.782903
-6.744581
-6.351786
-5.920669
-6.083536
-7.031992
-6.236822
-5.499133
-6.016473
-5.767383
-5.527874
-5.661999
-5.729062
-5.757803
-5.393749
-5.106338
-5.345847
-5.451231
-5.135079
-4.981793
-5.412910
-5.978151
-5.374588
-5.834446
-6.917028
-6.926608
-6.562554
-5.154240
-5.240463
-6.390108
-6.188920
-4.857248
-4.732703
-5.537455
-5.173400
-5.374588
-5.460812
-5.144659
-5.729062
-6.121857
-6.802063
-7.482270
-7.434368
-6.552974
-6.131437
-6.188920
-5.479972
-5.633258
-5.460812
-4.771025
-5.182981
-5.374588
-5.470392
-6.246402
-6.620036
-6.418849
-6.323045
-6.035634
-5.403329
-5.729062
-6.495492
-7.099055
-7.127796
-6.035634
-4.914730
-4.263265
-3.966274
-4.435712
-5.029695
-4.809346
-5.202141
-6.006893
-6.131437
-5.824865
-5.681160
-5.729062
-5.757803
-5.767383
-5.776964
-6.026053
-6.265563
-6.370947
-5.930250
-5.479972
-5.757803
-5.278784
-4.809346
-4.828507
-4.598578
-3.870470
-4.148301
-5.384169
-5.345847
-5.824865
-7.520591
-8.315762
-7.328984
-6.505072
-7.223600
-6.945769
-6.198500
-5.844026
-5.566195
-4.943471
-5.144659
-5.729062
-4.023756
-4.349488
-5.968571
-6.236822
-6.610456
-6.035634
-4.914730
-5.374588
-6.083536
-6.658358
-6.562554
-5.901508
-5.460812
-5.269204
-5.911089
-5.719481
-5.499133
-5.518294
-6.026053
-5.652419
-4.732703
-5.297945
-5.058436
-4.828507
-6.073955
-6.658358
-6.188920
-5.968571
-5.997312
-5.757803
-5.518294
-5.412910
-5.106338
-5.336267
-5.824865
-6.169759
-5.709901
-5.748222
-6.255982
-6.744581
-7.214019
-7.309823
-6.495492
-5.614098
-5.575776
-5.068016
-5.077597
-5.824865
-6.409268
-6.687099
-6.323045
-6.399688
-6.687099
-5.949410
-5.614098
-6.073955
-6.160179
-6.198500
-5.729062
-5.020114
-5.182981
-5.748222
-5.144659
-4.493194
-5.547035
-5.786544
-5.288365
-4.071658
-2.759147
-3.880050
-5.020114
-4.435712
-4.665641
-5.010534
-4.799766
-5.077597
-5.824865
-5.920669
-6.332625
-6.035634
-5.163820
-5.365008
-5.834446
-5.556615
-4.320747
-4.244104
-5.068016
-5.566195
-5.681160
-5.863187
-6.188920
-6.093116
-5.432070
-5.250043
-5.652419
-6.093116
-5.796124
-5.537455
-5.796124
-5.537455
-5.537455
-6.035634
-5.288365
-3.832148
-4.138720
-4.771025
-4.694382
-5.269204
-4.560256
-4.100399
-5.489552
-5.891928
-5.834446
-6.667938
-6.438009
-5.096757
-5.460812
-7.108635
-6.763742
-5.499133
-5.403329
-4.866828
-4.368649
-4.129140
-4.023756
-3.851309
-3.774666
-4.474033
-5.048855
-5.556615
-5.920669
-6.217661
-5.738642
-4.521935
-4.454873
-5.039275
-5.432070
-5.499133
-5.403329
-5.230883
-5.278784
-4.684802
-4.895570
-5.250043
-4.301587
-4.598578
-5.594937
-5.939830
-5.729062
-5.633258
-5.834446
-5.930250
-5.853607
-5.815285
-5.920669
-6.217661
-5.489552
-5.403329
-5.844026
-5.930250
-6.093116
-4.569837
-4.234524
-5.547035
-5.671580
-5.106338
-4.847668
-4.608159
-4.004595
-4.579417
-5.585356
-6.188920
-6.093116
-5.920669
-5.594937
-5.575776
-6.418849
-5.336267
-4.713542
-5.652419
-5.230883
-5.278784
-5.422490
-5.000954
-4.550676
-4.224944
-4.320747
-4.359069
-5.614098
-6.562554
-7.127796
-8.258280
-7.309823
-5.259624
-5.048855
-4.818927
-4.588998
-4.981793
-5.412910
-4.866828
-4.493194
-4.809346
-4.953052
-5.642838
-5.470392
-5.144659
-5.479972
-5.642838
-5.834446
-5.930250
-5.968571
-5.997312
-5.882348
-5.824865
-6.045214
-6.514652
-5.748222
-4.656060
-5.623678
-6.936189
-6.811644
-6.629617
-6.169759
-5.470392
-5.882348
-5.939830
-5.853607
-5.566195
-4.445292
-4.541096
-5.815285
-6.658358
-6.926608
-6.926608
-6.687099
-5.709901
-5.748222
-6.380527
-5.317106
-4.828507
-5.585356
-6.054794
-6.399688
-6.802063
-5.882348
-3.985434
-4.081238
-5.106338
-5.709901
-7.099055
-7.625975
-6.150598
-4.838088
-5.709901
-6.610456
-6.169759
-6.208080
-5.489552
-4.292006
-4.224944
-4.435712
-4.780605
-4.818927
-5.575776
-6.303884
-5.901508
-5.834446
-5.805705
-5.671580
-5.853607
-5.815285
-5.671580
-5.355427
-5.211722
-5.757803
-6.265563
-5.633258
-5.834446
-6.917028
-6.926608
-6.802063
-6.505072
-5.374588
-4.972212
-6.026053
-5.767383
-5.154240
-5.365008
-5.709901
-6.725420
-6.715840
-5.594937
-5.815285
-6.409268
-6.438009
-6.083536
-4.809346
-4.713542
-5.652419
-5.230883
-4.905150
-4.876409
-4.368649
-4.014175
-4.090818
-4.378230
-5.250043
-5.652419
-5.106338
-5.336267
-5.202141
-5.518294
-6.026053
-5.278784
-4.320747
-4.109979
-5.250043
-6.275143
-6.620036
-5.681160
-3.640541
-3.429773
-4.684802
-5.144659
-5.355427
-5.700321
-5.987732
-6.121857
-5.566195
-5.432070
-5.987732
-6.121857
-5.690741
-5.738642
-5.757803
-5.767383
-5.403329
-5.230883
-5.767383
-6.265563
-6.744581
-6.600875
-5.911089
-5.719481
-5.997312
-4.771025
-4.320747
-4.857248
-3.870470
-4.521935
-6.543393
-6.629617
-6.179339
-6.581715
-6.275143
-5.269204
-5.786544
-6.026053
-5.403329
-5.729062
-4.771025
-3.333969
-3.286067
-3.381871
-3.429773
-3.573478
-3.401032
-4.177042
-4.780605
-4.694382
-5.891928
-6.073955
-5.671580
-6.715840
-6.217661
-6.102696
-7.166118
-6.179339
-6.208080
-7.089475
-6.390108
-5.077597
-5.087177
-5.451231
-4.636899
-4.751864
-5.547035
-5.671580
-5.978151
-6.361366
-6.169759
-5.844026
-5.556615
-5.307526
-5.432070
-5.863187
-5.690741
-5.489552
-6.131437
-6.438009
-6.572134
-7.376885
-7.012832
-5.000954
-5.163820
-5.863187
-5.690741
-6.476331
-5.489552
-4.292006
-5.451231
-6.370947
-6.543393
-6.754161
-5.614098
-3.985434
-4.454873
-5.527874
-6.399688
-6.438009
-4.732703
-5.039275
-5.920669
-4.981793
-4.292006
-4.224944
-4.186622
-4.914730
-5.374588
-4.598578
-4.857248
-6.093116
-5.796124
-5.422490
-5.853607
-5.939830
-6.476331
-6.476331
-6.351786
-7.031992
-6.725420
-5.240463
-5.039275
-4.943471
-4.282426
-4.953052
-5.891928
-5.949410
-5.489552
-5.518294
-5.901508
-6.083536
-6.045214
-6.026053
-6.016473
-6.141018
-5.451231
-5.384169
-6.830804
-7.501431
-6.955349
-6.447590
-5.844026
-5.441651
-6.600875
-6.658358
-5.690741
-5.738642
-5.144659
-5.240463
-5.776964
-5.652419
-5.844026
-5.566195
-6.294304
-6.390108
-5.077597
-5.087177
-5.824865
-5.182981
-4.885989
-5.604517
-4.100399
-3.401032
-4.550676
-5.087177
-5.336267
-5.326686
-5.326686
-5.326686
-4.953052
-5.269204
-5.911089
-6.208080
-5.729062
-5.384169
-5.968571
-5.250043
-5.537455
-5.786544
-4.177042
-3.927952
-4.177042
-4.042917
-4.349488
-4.866828
-5.355427
-5.336267
-5.202141
-5.508713
-5.776964
-5.776964
-5.901508
-5.709901
-5.499133
-5.891928
-5.211722
-4.905150
-5.614098
-5.949410
-6.466751
-6.466751
-6.840385
-6.888287
-5.920669
-4.981793
-5.163820
-5.738642
-4.895570
-4.751864
-5.796124
-6.763742
-7.223600
-7.070314
-5.891928
-6.073955
-7.396046
-7.031992
-7.099055
-7.137376
-5.671580
-5.489552
-5.891928
-5.700321
-5.623678
-4.962632
-5.029695
-6.418849
-6.447590
-5.719481
-6.121857
-6.428429
-5.958991
-5.987732
-6.121857
-6.054794
-6.524233
-5.508713
-5.163820
-6.227241
-5.250043
-3.803407
-4.368649
-5.125498
-5.230883
-5.518294
-5.537455
-5.163820
-5.365008
-5.709901
-5.997312
-6.121857
-5.815285
-5.671580
-5.479972
-5.633258
-5.460812
-6.006893
-7.242761
-7.443948
-6.926608
-5.824865
-5.671580
-6.715840
-6.217661
-4.627319
-4.378230
-4.014175
-3.362710
-3.295648
-3.391451
-4.177042
-5.518294
-6.763742
-7.348145
-5.891928
-4.109979
-4.263265
-5.077597
-4.962632
-4.406971
-4.397390
-5.010534
-5.671580
-4.991373
-4.799766
-4.828507
-4.598578
-5.470392
-5.508713
-5.652419
-5.719481
-5.374588
-6.447590
-6.581715
-5.412910
-5.240463
-6.016473
-6.265563
-5.144659
-4.866828
-6.093116
-6.294304
-5.154240
-4.253685
-4.454873
-5.403329
-5.853607
-5.815285
-6.045214
-6.150598
-5.949410
-5.738642
-5.642838
-5.709901
-5.997312
-5.384169
-4.732703
-5.786544
-6.763742
-6.735001
-5.978151
-5.863187
-6.677518
-5.709901
-4.636899
-4.751864
-4.196202
-5.039275
-5.920669
-4.857248
-4.981793
-5.901508
-6.208080
-6.342206
-5.671580
-5.604517
-6.188920
-7.328984
-6.993671
-5.604517
-6.064375
-7.022412
-6.112277
-4.330328
-4.857248
-6.083536
-5.920669
-4.981793
-4.177042
-5.029695
-6.294304
-6.016473
-6.141018
-5.700321
-5.499133
-5.154240
-5.000954
-6.275143
-5.393749
-4.493194
-5.671580
-6.227241
-5.489552
-4.531516
-4.579417
-5.460812
-5.997312
-6.006893
-5.882348
-5.834446
-5.805705
-5.796124
-6.035634
-6.390108
-6.552974
-5.642838
-5.594937
-5.566195
-5.192561
-5.499133
-4.665641
-4.521935
-4.818927
-4.100399
-3.765086
-4.598578
-5.470392
-5.882348
-6.323045
-5.412910
-4.866828
-5.968571
-5.863187
-6.428429
-7.434368
-6.054794
-4.933891
-4.885989
-4.378230
-4.512355
-5.307526
-5.068016
-4.579417
-4.234524
-4.569837
-4.598578
-3.745925
-4.339908
-5.355427
-6.438009
-6.945769
-6.198500
-5.968571
-6.236822
-5.997312
-5.633258
-5.345847
-5.690741
-5.614098
-5.087177
-4.838088
-4.474033
-4.799766
-4.953052
-5.020114
-5.307526
-5.681160
-5.978151
-5.748222
-5.518294
-5.537455
-5.547035
-5.671580
-5.978151
-6.236822
-5.623678
-3.736345
-3.592639
-4.761445
-4.320747
-3.870470
-4.023756
-2.998656
-3.745925
-5.441651
-5.748222
-6.006893
-4.905150
-4.627319
-5.614098
-6.313465
-6.275143
-6.131437
-5.815285
-4.684802
-5.144659
-6.102696
-6.054794
-6.275143
-5.393749
-4.359069
-4.876409
-5.106338
-4.474033
-4.435712
-5.518294
-5.776964
-5.278784
-5.547035
-5.547035
-5.796124
-7.261921
-7.204439
-6.438009
-6.332625
-5.671580
-4.742284
-5.048855
-4.081238
-3.017817
-4.493194
-4.809346
-4.828507
-5.709901
-5.987732
-5.757803
-5.527874
-5.537455
-5.661999
-5.729062
-5.757803
-5.518294
-5.527874
-6.035634
-6.390108
-5.939830
-5.479972
-6.131437
-6.438009
-5.834446
-5.920669
-6.457170
-6.830804
-6.763742
-5.872767
-5.202141
-5.623678
-5.824865
-6.169759
-6.083536
-5.920669
-6.706260
-5.958991
-6.227241
-7.463109
-6.562554
-5.278784
-5.786544
-6.524233
-5.882348
-5.700321
-5.374588
-4.972212
-5.029695
-5.182981
-5.374588
-5.470392
-6.006893
-6.131437
-6.064375
-6.284723
-6.505072
-5.997312
-4.771025
-4.196202
-3.563898
-3.515996
-4.483613
-4.196202
-4.177042
-5.163820
-4.627319
-4.253685
-4.703962
-4.905150
-5.374588
-5.470392
-5.508713
-5.652419
-5.844026
-5.815285
-5.671580
-5.729062
-5.757803
-6.016473
-5.518294
-5.776964
-6.763742
-7.099055
-6.639197
-5.805705
-6.284723
-6.016473
-4.406971
-3.659702
-3.439353
-3.458514
-4.205783
-4.675221
-5.259624
-5.911089
-5.844026
-5.690741
-5.614098
-4.723123
-3.688443
-4.062078
-4.732703
-3.937532
-3.563898
-4.129140
-3.650121
-3.678863
-5.048855
-6.054794
-6.150598
-5.096757
-3.487255
-3.975854
-5.547035
-5.547035
-5.422490
-5.863187
-5.326686
-4.828507
-5.336267
-5.326686
-5.566195
-5.307526
-3.956693
-3.698023
-3.583059
-3.036978
-3.266906
-4.234524
-5.307526
-5.556615
-5.307526
-5.556615
-5.796124
-5.786544
-5.661999
-5.604517
-5.939830
-6.342206
-5.920669
-5.844026
-5.930250
-5.968571
-6.974510
-6.821224
-6.141018
-6.313465
-5.537455
-4.560256
-4.723123
-4.790185
-4.828507
-5.949410
-5.738642
-5.144659
-6.715840
-6.955349
-6.572134
-7.625975
-7.012832
-6.476331
-6.964930
-5.594937
-4.588998
-4.972212
-4.790185
-4.579417
-4.723123
-5.163820
-5.614098
-4.847668
-3.621380
-3.908791
-5.278784
-5.297945
-5.432070
-5.863187
-6.562554
-7.616395
-6.878706
-6.045214
-6.763742
-6.361366
-5.182981
-5.000954
-5.537455
-5.412910
-4.378230
-4.512355
-5.307526
-5.681160
-5.738642
-5.882348
-5.700321
-5.489552
-5.767383
-5.901508
-5.834446
-5.930250
-5.479972
-4.406971
-4.521935
-5.441651
-4.761445
-5.173400
-5.623678
-3.736345
-3.477675
-4.215363
-4.799766
-4.828507
-3.985434
-4.569837
-4.847668
-3.985434
-4.330328
-5.345847
-6.811644
-6.505072
-5.748222
-6.620036
-7.779261
-7.942128
-6.667938
-6.687099
-6.198500
-4.004595
-3.717184
-4.205783
-4.426131
-4.780605
-4.081238
-4.129140
-5.010534
-5.173400
-5.987732
-6.610456
-5.547035
-5.920669
-6.217661
-5.853607
-6.552974
-6.016473
-5.518294
-5.163820
-4.502774
-4.196202
-4.177042
-4.780605
-5.441651
-5.987732
-5.997312
-5.757803
-6.016473
-5.882348
-5.700321
-5.748222
-5.642838
-5.958991
-5.738642
-5.508713
-6.639197
-7.290662
-7.099055
-6.265563
-5.144659
-5.240463
-6.265563
-5.757803
-5.278784
-5.422490
-4.751864
-5.297945
-5.805705
-6.035634
-6.763742
-6.476331
-6.600875
-6.409268
-4.838088
-4.349488
-5.230883
-5.403329
-4.742284
-5.048855
-5.441651
-5.863187
-5.326686
-4.215363
-3.937532
-3.688443
-4.560256
-6.188920
-7.328984
-6.869126
-6.160179
-7.185278
-8.775620
-7.673877
-6.169759
-6.083536
-5.796124
-6.648777
-7.051153
-5.384169
-4.234524
-4.694382
-5.642838
-6.332625
-6.284723
-6.016473
-5.767383
-5.776964
-5.776964
-5.652419
-5.230883
-5.393749
-5.719481
-5.872767
-5.700321
-5.489552
-6.380527
-7.041573
-6.620036
-5.182981
-3.784246
-4.483613
-6.409268
-6.198500
-5.479972
-5.882348
-5.211722
-4.905150
-4.876409
-4.991373
-5.901508
-6.208080
-7.214019
-8.421146
-7.999610
-7.185278
-7.051153
-6.121857
-4.215363
-4.186622
-5.278784
-5.671580
-5.729062
-5.384169
-5.221302
-5.029695
-5.307526
-6.054794
-6.399688
-6.926608
-6.313465
-5.039275
-5.432070
-6.112277
-5.441651
-5.010534
-5.173400
-3.650121
-3.180683
-4.445292
-4.665641
-5.135079
-5.230883
-5.029695
-5.671580
-5.978151
-5.872767
-5.575776
-5.681160
-5.978151
-5.623678
-5.585356
-6.054794
-6.399688
-5.939830
-5.115918
-4.972212
-4.665641
-4.646480
-5.863187
-5.939830
-4.617739
-4.627319
-4.751864
-4.684802
-5.269204
-4.675221
-4.033336
-4.723123
-4.790185
-5.068016
-6.064375
-6.275143
-5.278784
-4.435712
-5.154240
-5.479972
-5.518294
-4.301587
-2.625022
-3.448934
-4.943471
-4.646480
-4.272845
-4.703962
-4.541096
-4.828507
-5.709901
-6.610456
-7.645136
-6.773322
-5.250043
-5.039275
-4.694382
-3.420192
-3.209424
-4.454873
-3.927952
-3.439353
-4.435712
-4.905150
-5.365008
-4.972212
-4.541096
-5.202141
-5.384169
-5.221302
-5.518294
-5.901508
-5.834446
-5.805705
-5.796124
-5.537455
-5.661999
-5.355427
-5.087177
-5.949410
-6.591295
-6.524233
-6.131437
-4.953052
-4.531516
-6.054794
-5.911089
-5.106338
-4.972212
-4.292006
-4.838088
-4.723123
-4.665641
-6.121857
-6.064375
-5.412910
-6.227241
-6.102696
-5.441651
-5.250043
-4.177042
-4.416551
-5.633258
-4.847668
-4.234524
-5.681160
-6.102696
-5.805705
-6.284723
-6.629617
-6.543393
-6.629617
-6.667938
-6.438009
-6.945769
-6.447590
-5.968571
-6.610456
-5.920669
-6.083536
-5.920669
-4.119559
-3.899211
-4.905150
-5.125498
-5.106338
-5.470392
-5.633258
-5.336267
-4.828507
-4.962632
-5.642838
-5.719481
-5.499133
-5.891928
-6.073955
-6.160179
-5.709901
-5.135079
-6.093116
-7.281082
-7.338564
-6.505072
-5.010534
-4.311167
-5.096757
-5.336267
-5.326686
-5.566195
-4.694382
-4.292006
-5.211722
-6.006893
-6.620036
-7.156537
-7.041573
-7.597234
-8.229539
-7.166118
-5.930250
-5.106338
-4.234524
-4.071658
-4.732703
-5.173400
-4.876409
-4.253685
-4.205783
-4.675221
-4.771025
-5.432070
-6.236822
-5.987732
-6.121857
-6.188920
-5.479972
-5.757803
-6.390108
-6.188920
-6.217661
-4.991373
-4.062078
-4.981793
-6.275143
-6.131437
-5.326686
-5.566195
-5.681160
-5.614098
-5.575776
-5.690741
-5.738642
-5.633258
-5.345847
-5.326686
-5.815285
-6.284723
-5.891928
-5.824865
-6.907447
-7.290662
-6.361366
-5.920669
-5.604517
-4.339908
-4.368649
-4.627319
-4.253685
-4.205783
-3.448934
-2.969915
-3.726764
-4.330328
-5.470392
-7.357725
-8.488209
-6.667938
-4.838088
-5.958991
-5.738642
-4.771025
-4.818927
-4.962632
-4.905150
-4.751864
-5.182981
-5.748222
-5.518294
-4.550676
-5.202141
-6.495492
-6.600875
-6.658358
-5.326686
-4.953052
-6.131437
-6.687099
-6.821224
-6.265563
-6.131437
-5.326686
-3.602220
-3.401032
-4.052497
-4.109979
-4.263265
-4.703962
-5.154240
-5.365008
-5.211722
-5.508713
-5.901508
-5.709901
-5.374588
-5.470392
-5.757803
-6.016473
-5.767383
-6.141018
-6.811644
-6.993671
-6.964930
-6.332625
-5.422490
-4.876409
-5.240463
-4.416551
-3.918372
-5.154240
-4.876409
-4.742284
-5.163820
-4.512355
-5.068016
-5.566195
-5.796124
-7.012832
-6.840385
-5.901508
-5.585356
-4.943471
-4.895570
-5.250043
-4.177042
-3.803407
-5.355427
-6.447590
-5.958991
-4.387810
-4.138720
-5.508713
-6.888287
-7.281082
-6.725420
-6.466751
-7.942128
-8.392405
-7.367305
-6.514652
-5.748222
-4.905150
-4.761445
-4.071658
-3.132781
-3.803407
-4.368649
-5.000954
-5.412910
-5.853607
-6.054794
-5.786544
-5.412910
-5.355427
-5.336267
-5.326686
-5.815285
-6.284723
-5.891928
-5.087177
-5.451231
-6.121857
-6.428429
-5.834446
-4.330328
-4.483613
-6.160179
-6.198500
-5.604517
-5.326686
-4.090818
-4.502774
-4.694382
-4.531516
-5.566195
-5.805705
-6.160179
-6.447590
-5.844026
-5.556615
-5.920669
-5.106338
-4.234524
-4.933891
-4.282426
-3.726764
-4.330328
-4.244104
-5.058436
-5.317106
-4.953052
-5.269204
-5.786544
-5.537455
-5.173400
-5.125498
-5.230883
-5.029695
-4.445292
-5.029695
-6.045214
-5.652419
-5.106338
-4.608159
-5.106338
-6.208080
-5.853607
-5.575776
-5.681160
-5.863187
-5.815285
-5.796124
-5.911089
-5.844026
-5.441651
-5.614098
-5.949410
-6.102696
-5.805705
-5.547035
-6.409268
-7.060733
-6.869126
-6.533813
-6.744581
-6.849965
-5.412910
-4.129140
-4.272845
-4.703962
-4.905150
-5.489552
-6.016473
-6.380527
-6.926608
-7.415207
-7.645136
-6.524233
-5.259624
-5.661999
-5.719481
-5.010534
-4.799766
-4.215363
-4.186622
-5.039275
-4.818927
-4.962632
-5.518294
-4.790185
-5.068016
-5.441651
-5.863187
-6.926608
-7.300243
-8.095413
-9.197156
-7.990029
-6.198500
-5.978151
-5.872767
-5.949410
-5.240463
-3.927952
-4.550676
-4.962632
-4.665641
-5.259624
-5.776964
-5.901508
-5.594937
-5.566195
-5.681160
-5.738642
-5.757803
-5.891928
-6.083536
-6.284723
-5.527874
-5.412910
-6.351786
-6.533813
-5.757803
-4.905150
-5.738642
-6.380527
-4.953052
-3.669282
-3.439353
-2.720825
-3.611800
-5.259624
-4.799766
-5.077597
-6.438009
-6.830804
-6.514652
-5.508713
-5.403329
-6.093116
-6.418849
-6.572134
-5.652419
-4.732703
-5.412910
-5.853607
-4.828507
-4.838088
-5.709901
-5.135079
-5.479972
-5.882348
-5.575776
-6.179339
-6.581715
-7.750520
-7.319404
-4.895570
-4.502774
-5.307526
-4.943471
-5.020114
-5.058436
-4.953052
-6.131437
-5.700321
-4.761445
-5.182981
-5.499133
-5.652419
-5.594937
-5.815285
-6.284723
-6.141018
-5.824865
-5.796124
-5.911089
-6.208080
-5.489552
-5.029695
-5.796124
-6.284723
-5.767383
-4.416551
-3.669282
-4.177042
-5.278784
-4.435712
-3.803407
-4.119559
-4.387810
-5.748222
-5.642838
-5.594937
-6.428429
-6.332625
-6.284723
-6.629617
-5.930250
-4.857248
-5.230883
-6.016473
-5.882348
-4.838088
-3.985434
-4.330328
-5.106338
-5.221302
-5.393749
-4.857248
-3.630961
-4.042917
-5.336267
-5.202141
-5.757803
-6.141018
-5.336267
-6.562554
-6.878706
-5.432070
-4.876409
-4.617739
-4.991373
-4.675221
-3.908791
-4.656060
-5.135079
-5.230883
-5.767383
-6.016473
-5.891928
-6.083536
-6.160179
-5.834446
-5.681160
-5.978151
-6.121857
-6.179339
-5.470392
-5.144659
-5.978151
-6.610456
-6.907447
-6.303884
-5.776964
-5.403329
-4.244104
-3.707603
-3.707603
-3.209424
-2.739986
-3.008236
-5.096757
-7.309823
-7.099055
-6.275143
-6.131437
-6.562554
-7.252341
-6.591295
-5.911089
-5.968571
-5.748222
-6.006893
-4.780605
-3.343549
-4.033336
-4.474033
-4.550676
-5.451231
-5.748222
-5.020114
-5.547035
-5.920669
-5.594937
-6.064375
-5.661999
-5.230883
-5.278784
-5.786544
-6.763742
-5.987732
-5.508713
-4.790185
-3.353130
-3.046558
-4.263265
-5.566195
-5.805705
-5.796124
-5.547035
-5.422490
-5.614098
-5.575776
-5.182981
-5.250043
-5.537455
-6.035634
-5.652419
-5.221302
-6.265563
-7.233180
-7.070314
-6.629617
-7.156537
-7.405627
-6.169759
-5.470392
-5.882348
-6.073955
-6.160179
-6.696679
-6.208080
-5.240463
-5.527874
-6.399688
-7.300243
-6.485911
-5.614098
-5.451231
-5.384169
-5.958991
-5.863187
-4.953052
-4.780605
-5.681160
-5.115918
-4.847668
-5.460812
-4.646480
-5.000954
-5.911089
-6.332625
-6.533813
-6.255982
-6.984090
-8.440307
-7.999610
-7.060733
-6.620036
-6.169759
-6.821224
-6.390108
-4.339908
-4.732703
-5.786544
-5.288365
-5.422490
-5.614098
-5.575776
-5.566195
-5.681160
-5.978151
-6.121857
-5.690741
-5.489552
-5.891928
-6.323045
-5.537455
-4.924311
-5.384169
-6.083536
-6.418849
-5.824865
-5.671580
-6.591295
-6.524233
-5.384169
-4.972212
-5.278784
-5.796124
-6.773322
-6.246402
-4.885989
-5.738642
-6.006893
-5.757803
-5.154240
-3.889631
-4.282426
-5.451231
-4.885989
-4.004595
-4.330328
-3.995015
-4.330328
-5.106338
-5.211722
-5.269204
-4.550676
-4.838088
-5.834446
-6.543393
-6.505072
-6.112277
-5.690741
-5.365008
-5.336267
-4.703962
-5.029695
-6.045214
-5.901508
-5.460812
-5.508713
-5.163820
-4.627319
-4.627319
-5.365008
-6.083536
-6.160179
-5.834446
-5.681160
-5.738642
-5.633258
-5.594937
-5.690741
-5.738642
-6.131437
-5.566195
-5.681160
-7.214019
-7.683457
-7.156537
-6.054794
-4.675221
-4.406971
-5.508713
-5.652419
-5.594937
-5.939830
-5.115918
-5.230883
-5.154240
-4.627319
-5.365008
-5.709901
-6.236822
-6.370947
-5.681160
-5.604517
-5.202141
-4.646480
-5.125498
-6.093116
-5.068016
-3.841729
-4.263265
-4.828507
-5.087177
-4.100399
-4.502774
-6.169759
-7.070314
-7.367305
-7.625975
-7.252341
-6.840385
-6.773322
-5.748222
-5.144659
-5.978151
-5.384169
-4.483613
-3.698023
-2.960335
-4.100399
-5.115918
-5.594937
-5.690741
-5.738642
-5.508713
-5.403329
-5.729062
-6.121857
-6.313465
-6.275143
-6.131437
-6.188920
-5.594937
-4.962632
-5.767383
-6.390108
-5.451231
-5.623678
-6.073955
-4.809346
-5.202141
-5.872767
-4.962632
-5.518294
-6.639197
-6.054794
-4.924311
-4.761445
-6.045214
-6.763742
-6.984090
-6.581715
-6.150598
-6.811644
-7.252341
-7.204439
-5.949410
-4.502774
-3.583059
-3.276487
-3.745925
-4.588998
-4.483613
-3.333969
-4.148301
-5.757803
-6.629617
-7.041573
-6.361366
-5.432070
-5.489552
-5.891928
-5.336267
-5.202141
-5.518294
-4.177042
-3.429773
-4.435712
-4.292006
-3.975854
-5.432070
-6.351786
-6.169759
-6.083536
-5.796124
-5.671580
-5.729062
-5.757803
-5.767383
-5.901508
-6.208080
-6.466751
-6.342206
-5.920669
-5.844026
-5.681160
-5.489552
-5.642838
-4.972212
-3.927952
-4.426131
-5.020114
-5.547035
-6.169759
-4.483613
-4.196202
-5.901508
-6.083536
-5.796124
-6.160179
-5.460812
-4.521935
-5.068016
-6.188920
-6.706260
-6.332625
-4.684802
-3.295648
-4.129140
-5.384169
-5.345847
-5.336267
-5.202141
-4.895570
-5.115918
-4.359069
-4.751864
-6.160179
-5.709901
-5.987732
-6.744581
-5.738642
-5.259624
-5.537455
-6.160179
-5.096757
-3.985434
-4.703962
-5.518294
-5.412910
-4.991373
-5.412910
-5.489552
-5.642838
-5.844026
-5.805705
-6.045214
-5.901508
-5.460812
-5.633258
-5.834446
-5.805705
-5.422490
-5.365008
-6.198500
-7.089475
-7.127796
-6.160179
-4.723123
-4.301587
-5.460812
-5.508713
-5.652419
-6.457170
-5.604517
-5.077597
-5.087177
-5.326686
-6.064375
-6.275143
-7.118216
-8.248699
-7.913386
-7.022412
-6.236822
-5.250043
-5.163820
-5.987732
-5.499133
-4.541096
-4.464453
-4.550676
-5.077597
-6.313465
-6.648777
-6.303884
-6.514652
-6.495492
-6.600875
-6.773322
-5.748222
-5.393749
-6.093116
-5.681160
-5.479972
-5.642838
-5.221302
-4.406971
-4.646480
-4.876409
-4.004595
-4.464453
-5.537455
-5.786544
-5.786544
-5.786544
-5.901508
-5.958991
-5.863187
-5.824865
-5.796124
-6.160179
-5.709901
-5.250043
-5.412910
-5.479972
-5.269204
-5.911089
-6.083536
-4.445292
-4.301587
-4.723123
-5.039275
-5.556615
-4.694382
-3.793827
-4.359069
-5.614098
-6.323045
-6.275143
-5.757803
-6.754161
-7.836743
-7.233180
-6.457170
-5.968571
-5.987732
-6.495492
-5.872767
-4.838088
-5.345847
-5.451231
-5.623678
-6.562554
-6.888287
-5.805705
-5.671580
-6.591295
-5.786544
-5.537455
-7.022412
-7.463109
-6.936189
-6.562554
-5.901508
-5.211722
-5.269204
-5.048855
-5.192561
-5.384169
-4.972212
-5.154240
-5.365008
-5.460812
-5.259624
-5.288365
-5.920669
-6.093116
-5.930250
-6.093116
-6.418849
-6.562554
-6.016473
-4.780605
-4.818927
-5.460812
-5.508713
-6.141018
-5.949410
-4.751864
-4.809346
-5.575776
-6.179339
-6.581715
-5.537455
-4.435712
-4.406971
-4.521935
-5.068016
-5.815285
-6.284723
-6.016473
-5.882348
-6.198500
-5.729062
-5.623678
-6.323045
-6.763742
-5.987732
-5.508713
-5.776964
-4.914730
-5.000954
-6.275143
-6.505072
-6.236822
-7.099055
-7.012832
-5.614098
-5.824865
-6.543393
-6.505072
-6.236822
-5.499133
-4.541096
-4.215363
-4.675221
-5.020114
-4.186622
-3.803407
-5.106338
-6.083536
-6.045214
-5.901508
-5.719481
-5.872767
-6.313465
-6.275143
-6.006893
-6.006893
-6.255982
-6.495492
-5.738642
-5.757803
-6.629617
-6.917028
-6.552974
-5.518294
-4.914730
-4.636899
-5.240463
-4.914730
-4.512355
-5.192561
-3.774666
-2.510057
-3.880050
-5.508713
-5.652419
-5.834446
-5.681160
-4.627319
-5.240463
-6.878706
-7.894226
-7.501431
-5.230883
-4.167461
-4.905150
-4.761445
-3.573478
-3.525577
-4.847668
-4.972212
-4.914730
-5.748222
-6.629617
-7.654716
-6.648777
-4.703962
-5.029695
-5.058436
-3.477675
-3.104040
-3.420192
-2.835790
-3.180683
-3.583059
-3.161522
-3.199844
-2.979495
-3.487255
-4.588998
-5.230883
-5.278784
-5.422490
-6.102696
-6.179339
-5.968571
-5.863187
-5.824865
-6.045214
-5.537455
-5.173400
-5.748222
-6.380527
-6.677518
-6.447590
-5.844026
-5.805705
-6.773322
-5.748222
-4.656060
-4.636899
-4.263265
-5.068016
-5.939830
-5.604517
-4.838088
-5.211722
-5.882348
-6.073955
-6.524233
-6.246402
-5.748222
-5.269204
-4.311167
-4.109979
-3.765086
-3.602220
-4.148301
-3.908791
-4.665641
-6.620036
-6.418849
-5.211722
-5.384169
-6.083536
-7.396046
-7.645136
-6.284723
-5.767383
-6.026053
-5.642838
-5.470392
-5.020114
-4.320747
-4.972212
-6.629617
-6.917028
-5.566195
-5.307526
-5.930250
-6.093116
-5.930250
-5.853607
-5.939830
-5.978151
-5.872767
-5.824865
-6.045214
-6.399688
-5.575776
-5.441651
-6.236822
-6.236822
-6.236822
-6.236822
-5.250043
-5.163820
-6.725420
-6.093116
-5.317106
-5.556615
-4.933891
-5.259624
-4.924311
-4.521935
-5.317106
-5.681160
-5.978151
-6.610456
-7.031992
-6.974510
-6.457170
-5.968571
-6.361366
-7.156537
-6.169759
-4.981793
-5.776964
-6.141018
-6.073955
-5.048855
-4.081238
-4.991373
-5.403329
-4.866828
-4.857248
-5.594937
-5.566195
-6.169759
-6.696679
-5.460812
-6.006893
-6.993671
-5.604517
-3.726764
-3.592639
-4.138720
-4.521935
-5.192561
-5.882348
-6.313465
-5.901508
-5.221302
-5.393749
-5.594937
-5.451231
-5.508713
-5.652419
-5.968571
-5.374588
-5.345847
-6.313465
-6.399688
-5.451231
-5.010534
-5.173400
-3.774666
-2.874111
-3.190264
-3.832148
-4.751864
-4.311167
-4.474033
-6.035634
-6.888287
-7.156537
-6.917028
-6.926608
-7.549332
-6.974510
-5.345847
-4.838088
-4.608159
-4.244104
-4.943471
-3.908791
-2.816629
-3.774666
-3.736345
-3.592639
-5.125498
-5.594937
-5.326686
-5.815285
-6.294304
-7.740940
-8.296601
-6.945769
-6.572134
-6.888287
-6.418849
-6.821224
-6.380527
-4.215363
-3.937532
-4.311167
-3.736345
-4.215363
-5.173400
-5.499133
-5.652419
-5.719481
-5.872767
-6.073955
-5.911089
-5.844026
-5.690741
-5.489552
-5.767383
-5.278784
-5.173400
-5.614098
-5.949410
-6.600875
-6.160179
-6.323045
-6.773322
-5.135079
-3.630961
-3.793827
-3.985434
-4.205783
-4.177042
-4.167461
-5.642838
-6.945769
-7.309823
-7.472689
-6.073955
-5.432070
-5.987732
-6.610456
-7.156537
-6.418849
-5.211722
-5.882348
-6.687099
-4.972212
-3.927952
-4.426131
-4.292006
-4.838088
-6.332625
-7.022412
-6.735001
-5.853607
-6.677518
-8.660655
-8.976808
-7.271502
-5.987732
-6.246402
-5.997312
-5.872767
-4.838088
-3.985434
-4.694382
-5.393749
-5.968571
-6.112277
-6.179339
-5.968571
-6.112277
-6.179339
-6.093116
-5.681160
-5.355427
-5.585356
-6.054794
-5.901508
-5.958991
-6.725420
-6.830804
-5.527874
-4.311167
-4.972212
-5.891928
-5.824865
-5.796124
-6.284723
-6.255982
-5.020114
-4.933891
-5.872767
-6.811644
-7.367305
-6.390108
-6.802063
-7.980449
-7.290662
-5.250043
-4.665641
-5.135079
-5.106338
-4.359069
-2.893272
-3.209424
-4.330328
-5.106338
-5.709901
-5.135079
-4.608159
-5.355427
-6.198500
-5.604517
-4.713542
-4.541096
-5.202141
-6.121857
-6.428429
-6.332625
-6.160179
-6.208080
-5.115918
-3.745925
-3.841729
-3.276487
-3.008236
-4.244104
-5.307526
-5.805705
-5.796124
-5.911089
-6.093116
-6.045214
-5.652419
-5.470392
-5.757803
-6.141018
-5.939830
-5.355427
-5.451231
-6.121857
-6.428429
-6.083536
-6.294304
-7.003251
-6.102696
-4.579417
-4.234524
-3.698023
-3.947113
-4.684802
-4.646480
-5.499133
-5.891928
-6.198500
-7.089475
-6.265563
-5.882348
-6.562554
-6.639197
-6.792483
-6.495492
-5.997312
-6.495492
-6.361366
-5.432070
-5.365008
-5.460812
-4.397390
-4.148301
-5.633258
-6.821224
-7.127796
-7.396046
-7.635556
-7.750520
-7.558913
-6.236822
-5.374588
-5.594937
-4.953052
-4.167461
-4.406971
-4.646480
-4.138720
-4.282426
-5.202141
-5.633258
-5.834446
-5.681160
-5.614098
-5.824865
-5.930250
-5.729062
-5.633258
-5.709901
-5.997312
-5.872767
-4.962632
-5.029695
-5.671580
-5.479972
-5.518294
-5.163820
-4.138720
-4.397390
-4.397390
-4.521935
-5.432070
-6.112277
-6.677518
-5.824865
-5.182981
-5.250043
-5.403329
-6.342206
-5.307526
-4.569837
-5.949410
-6.227241
-5.863187
-5.326686
-5.566195
-5.547035
-3.698023
-2.845370
-3.544737
-3.870470
-3.908791
-3.669282
-4.799766
-6.179339
-5.844026
-5.307526
-5.805705
-6.897867
-6.917028
-5.690741
-5.623678
-6.198500
-5.479972
-4.895570
-4.378230
-5.374588
-5.585356
-4.454873
-4.914730
-5.623678
-5.949410
-5.863187
-5.815285
-5.920669
-5.719481
-5.384169
-5.719481
-5.997312
-6.121857
-5.451231
-5.384169
-6.208080
-6.715840
-6.830804
-5.776964
-5.403329
-5.978151
-6.236822
-5.499133
-4.780605
-4.694382
-5.518294
-6.150598
-5.211722
-5.882348
-6.936189
-6.811644
-6.629617
-5.068016
-4.828507
-4.598578
-4.244104
-5.307526
-5.068016
-5.202141
-4.771025
-3.956693
-4.435712
-5.278784
-6.160179
-6.073955
-6.782903
-8.708557
-8.133735
-6.505072
-5.872767
-6.064375
-7.146957
-7.520591
-6.102696
-5.566195
-6.294304
-6.514652
-6.735001
-5.115918
-3.745925
-4.215363
-5.173400
-5.863187
-5.824865
-5.920669
-5.968571
-5.748222
-5.891928
-6.073955
-5.671580
-5.479972
-5.642838
-5.958991
-5.365008
-5.958991
-6.974510
-7.070314
-7.491850
-6.696679
-6.198500
-6.102696
-6.054794
-5.163820
-4.387810
-5.135079
-5.968571
-6.476331
-5.738642
-5.259624
-5.412910
-5.729062
-5.997312
-5.757803
-6.265563
-6.744581
-6.476331
-6.227241
-5.987732
-6.620036
-7.281082
-5.863187
-4.339908
-4.493194
-4.933891
-5.010534
-6.045214
-6.265563
-5.882348
-5.949410
-5.614098
-6.323045
-7.750520
-7.434368
-6.552974
-6.131437
-5.824865
-6.045214
-5.288365
-3.458514
-3.468094
-4.943471
-6.255982
-6.859546
-6.409268
-5.824865
-5.432070
-5.489552
-5.393749
-5.355427
-5.460812
-5.508713
-5.652419
-5.594937
-5.326686
-4.943471
-5.269204
-5.412910
-5.978151
-6.735001
-6.466751
-4.751864
-4.809346
-6.064375
-5.048855
-5.432070
-6.974510
-6.581715
-5.537455
-4.799766
-4.953052
-6.006893
-6.744581
-5.614098
-5.211722
-6.255982
-6.121857
-5.690741
-5.365008
-4.847668
-3.621380
-3.420192
-4.311167
-4.474033
-4.186622
-4.790185
-5.690741
-6.600875
-7.396046
-7.146957
-6.169759
-5.958991
-5.987732
-5.384169
-5.594937
-4.579417
-2.385512
-2.347191
-3.314808
-3.276487
-4.119559
-5.000954
-3.937532
-3.937532
-5.048855
-5.307526
-5.058436
-5.441651
-5.863187
-5.700321
-5.499133
-5.527874
-5.911089
-6.332625
-5.911089
-6.208080
-7.328984
-7.616395
-7.865485
-7.118216
-5.173400
-5.135079
-5.719481
-4.885989
-4.866828
-4.866828
-4.244104
-5.182981
-5.748222
-5.518294
-5.901508
-5.958991
-5.614098
-6.562554
-7.501431
-6.581715
-5.901508
-5.585356
-5.317106
-6.552974
-6.016473
-4.656060
-5.384169
-4.857248
-4.732703
-4.301587
-2.998656
-3.621380
-4.771025
-5.058436
-6.054794
-6.648777
-5.690741
-5.365008
-5.709901
-5.748222
-5.642838
-5.594937
-4.464453
-4.301587
-5.087177
-4.838088
-4.972212
-5.403329
-5.355427
-5.575776
-5.930250
-5.853607
-5.815285
-5.796124
-5.537455
-5.547035
-5.920669
-5.968571
-5.250043
-4.426131
-5.020114
-5.547035
-5.547035
-5.796124
-5.288365
-4.071658
-4.119559
-4.761445
-5.556615
-5.796124
-4.435712
-5.029695
-5.796124
-6.035634
-6.639197
-6.054794
-6.639197
-7.405627
-6.294304
-5.403329
-5.230883
-4.167461
-3.793827
-5.096757
-5.096757
-4.962632
-5.767383
-6.026053
-4.780605
-3.228585
-4.224944
-5.547035
-5.796124
-5.661999
-4.857248
-5.594937
-5.566195
-3.832148
-4.138720
-5.882348
-6.562554
-5.403329
-4.991373
-6.275143
-5.882348
-3.985434
-3.592639
-4.512355
-5.556615
-5.920669
-5.968571
-5.987732
-6.006893
-6.131437
-5.815285
-5.671580
-6.093116
-6.543393
-6.131437
-5.690741
-6.112277
-6.792483
-7.357725
-7.501431
-6.342206
-5.547035
-6.160179
-5.585356
-5.202141
-5.384169
-4.857248
-5.221302
-5.269204
-4.560256
-4.962632
-5.767383
-6.265563
-6.131437
-5.575776
-5.681160
-5.240463
-4.177042
-4.167461
-4.531516
-4.579417
-4.732703
-5.288365
-5.796124
-6.160179
-5.709901
-4.636899
-5.125498
-5.594937
-4.828507
-5.585356
-6.552974
-6.141018
-5.824865
-6.294304
-6.265563
-6.006893
-5.757803
-5.029695
-5.058436
-6.179339
-6.093116
-4.445292
-4.416551
-5.144659
-5.115918
-5.221302
-5.518294
-5.901508
-6.332625
-6.284723
-6.016473
-5.891928
-6.073955
-5.547035
-5.547035
-6.658358
-7.424788
-7.031992
-5.863187
-5.202141
-4.157881
-4.282426
-4.713542
-4.790185
-5.441651
-4.885989
-4.378230
-4.751864
-5.307526
-5.307526
-5.432070
-5.374588
-5.345847
-6.687099
-7.434368
-7.166118
-6.792483
-4.895570
-3.276487
-3.745925
-3.841729
-3.151942
-3.314808
-4.138720
-4.512355
-5.556615
-7.156537
-6.667938
-6.313465
-6.026053
-4.416551
-4.895570
-5.374588
-4.483613
-4.684802
-4.656060
-3.036978
-3.151942
-4.426131
-4.656060
-4.512355
-4.943471
-5.633258
-5.834446
-5.930250
-5.853607
-6.054794
-5.911089
-5.585356
-5.441651
-5.374588
-5.585356
-5.939830
-5.729062
-5.997312
-6.984090
-7.453528
-6.562554
-5.652419
-6.083536
-6.409268
-6.323045
-6.275143
-6.255982
-5.882348
-5.824865
-6.045214
-5.173400
-4.636899
-5.374588
-6.323045
-6.897867
-5.805705
-5.547035
-5.432070
-5.000954
-4.924311
-4.387810
-4.272845
-4.464453
-4.675221
-3.784246
-3.496835
-4.713542
-4.541096
-3.841729
-3.889631
-5.020114
-6.409268
-6.811644
-7.491850
-8.794781
-8.909745
-7.616395
-6.763742
-6.735001
-6.102696
-4.818927
-3.851309
-3.525577
-3.985434
-4.320747
-4.857248
-5.594937
-5.815285
-5.671580
-5.853607
-5.690741
-5.489552
-5.767383
-5.901508
-5.834446
-6.054794
-5.661999
-5.719481
-6.735001
-6.964930
-6.332625
-6.035634
-5.278784
-4.933891
-5.757803
-5.029695
-4.569837
-4.598578
-4.244104
-5.058436
-4.953052
-5.269204
-5.911089
-5.709901
-7.348145
-7.003251
-5.115918
-4.847668
-4.109979
-3.401032
-4.301587
-5.336267
-4.464453
-3.937532
-4.426131
-4.905150
-5.987732
-5.259624
-4.426131
-4.895570
-5.489552
-6.141018
-5.824865
-5.422490
-6.476331
-6.964930
-6.083536
-5.796124
-6.035634
-5.652419
-4.972212
-4.541096
-4.703962
-5.154240
-4.742284
-4.799766
-5.451231
-5.623678
-5.585356
-5.690741
-5.987732
-5.872767
-5.326686
-5.317106
-5.441651
-5.748222
-6.131437
-5.326686
-5.326686
-5.441651
-4.387810
-4.148301
-4.272845
-3.477675
-4.215363
-5.173400
-5.125498
-6.457170
-6.466751
-5.115918
-5.221302
-5.518294
-6.150598
-7.309823
-5.757803
-3.678863
-4.550676
-6.562554
-7.003251
-6.725420
-5.355427
-3.860889
-4.014175
-4.588998
-4.483613
-4.311167
-4.109979
-5.000954
-6.399688
-6.064375
-5.786544
-6.639197
-7.166118
-7.166118
-5.930250
-5.355427
-6.811644
-6.878706
-6.658358
-7.051153
-6.121857
-4.703962
-5.278784
-5.173400
-3.650121
-3.803407
-4.742284
-5.048855
-5.068016
-5.202141
-5.633258
-5.958991
-5.614098
-5.575776
-5.805705
-5.920669
-5.594937
-5.690741
-6.964930
-7.932547
-8.382825
-7.980449
-6.926608
-6.313465
-6.399688
-5.824865
-5.422490
-5.489552
-4.780605
-5.182981
-5.259624
-5.412910
-6.591295
-6.533813
-5.642838
-6.457170
-7.568493
-6.370947
-4.943471
-5.144659
-4.378230
-3.276487
-4.119559
-4.397390
-3.784246
-4.359069
-4.991373
-4.301587
-4.847668
-6.083536
-6.169759
-6.696679
-6.572134
-5.652419
-6.093116
-5.681160
-4.502774
-4.818927
-5.087177
-4.100399
-3.889631
-4.531516
-5.077597
-5.575776
-4.943471
-4.656060
-5.250043
-5.537455
-5.412910
-5.240463
-5.154240
-5.240463
-5.403329
-5.729062
-6.121857
-6.303884
-5.776964
-5.527874
-5.786544
-5.786544
-5.786544
-6.026053
-5.767383
-4.177042
-4.656060
-5.748222
-6.131437
-6.562554
-5.403329
-4.866828
-5.594937
-5.939830
-6.351786
-6.418849
-6.198500
-5.115918
-4.359069
-5.000954
-4.924311
-5.010534
-5.297945
-4.943471
-4.646480
-5.374588
-6.083536
-5.422490
-5.125498
-6.332625
-6.897867
-6.792483
-6.869126
-5.671580
-5.115918
-5.958991
-5.000954
-4.186622
-4.790185
-4.215363
-4.186622
-4.301587
-3.860889
-4.023756
-4.215363
-4.799766
-6.188920
-6.955349
-6.572134
-5.901508
-5.460812
-5.633258
-5.834446
-5.556615
-4.933891
-5.259624
-5.911089
-6.208080
-5.614098
-4.464453
-4.675221
-5.508713
-5.776964
-5.039275
-3.832148
-3.889631
-5.144659
-4.991373
-4.550676
-5.087177
-5.336267
-5.317106
-4.579417
-5.336267
-5.939830
-5.978151
-6.735001
-5.729062
-5.518294
-6.275143
-6.629617
-6.667938
-5.824865
-5.920669
-7.070314
-6.006893
-4.905150
-5.240463
-4.541096
-4.464453
-4.790185
-3.841729
-4.263265
-5.566195
-6.294304
-7.616395
-7.003251
-5.000954
-4.550676
-4.962632
-4.905150
-4.627319
-4.138720
-4.646480
-6.112277
-5.815285
-5.058436
-5.317106
-5.690741
-5.863187
-5.690741
-5.614098
-5.824865
-5.930250
-5.853607
-5.939830
-5.729062
-5.757803
-5.029695
-3.822568
-4.742284
-5.422490
-4.866828
-5.604517
-5.451231
-4.771025
-6.045214
-5.776964
-4.675221
-5.144659
-5.115918
-5.345847
-4.953052
-5.144659
-6.102696
-5.805705
-6.035634
-7.625975
-8.488209
-6.792483
-6.131437
-6.313465
-5.288365
-5.671580
-5.729062
-5.020114
-5.058436
-5.317106
-5.441651
-4.636899
-5.365008
-6.696679
-7.185278
-6.802063
-5.393749
-5.345847
-6.188920
-6.217661
-5.489552
-5.029695
-5.058436
-5.566195
-6.169759
-5.585356
-5.317106
-5.690741
-5.365008
-5.211722
-5.518294
-5.652419
-5.719481
-5.757803
-5.518294
-5.412910
-5.355427
-5.336267
-5.815285
-6.284723
-5.403329
-4.368649
-5.250043
-5.776964
-4.790185
-5.077597
-5.326686
-3.717184
-3.832148
-4.866828
-4.991373
-5.288365
-4.933891
-4.646480
-5.374588
-5.719481
-6.121857
-6.552974
-7.616395
-7.376885
-6.648777
-7.166118
-6.552974
-6.265563
-6.370947
-7.041573
-6.246402
-4.761445
-4.809346
-4.464453
-4.924311
-5.623678
-5.834446
-5.681160
-5.853607
-6.188920
-5.594937
-6.188920
-6.581715
-5.422490
-5.000954
-5.537455
-4.933891
-3.908791
-4.292006
-4.838088
-4.234524
-4.694382
-6.629617
-7.031992
-6.112277
-5.566195
-5.182981
-5.259624
-5.911089
-6.083536
-5.920669
-5.844026
-6.054794
-6.399688
-5.824865
-4.569837
-5.336267
-6.552974
-6.016473
-5.518294
-5.776964
-5.039275
-4.818927
-5.202141
-4.771025
-4.818927
-6.064375
-7.511011
-6.217661
-5.125498
-5.844026
-5.805705
-6.035634
-6.265563
-5.767383
-4.416551
-4.646480
-5.250043
-3.563898
-4.004595
-5.202141
-5.135079
-4.866828
-4.119559
-4.387810
-5.135079
-5.594937
-5.690741
-5.853607
-5.930250
-5.479972
-6.380527
-7.041573
-6.370947
-6.303884
-5.652419
-3.745925
-2.615441
-3.314808
-4.761445
-4.569837
-4.349488
-5.614098
-6.198500
-5.729062
-5.508713
-5.403329
-5.355427
-5.585356
-5.690741
-5.738642
-6.006893
-6.131437
-6.064375
-5.671580
-5.729062
-6.610456
-6.907447
-6.792483
-6.495492
-5.499133
-4.292006
-5.087177
-5.824865
-5.307526
-5.556615
-4.943471
-4.033336
-4.598578
-4.608159
-4.004595
-4.454873
-4.177042
-3.669282
-5.039275
-6.294304
-6.265563
-6.370947
-5.441651
-4.014175
-4.339908
-4.617739
-4.991373
-6.399688
-7.664297
-6.658358
-5.824865
-6.658358
-6.677518
-6.811644
-6.878706
-7.031992
-5.748222
-5.269204
-6.160179
-4.723123
-4.426131
-4.780605
-4.445292
-4.790185
-4.454873
-3.927952
-5.039275
-6.045214
-5.901508
-5.834446
-5.681160
-5.863187
-6.064375
-5.911089
-6.083536
-6.169759
-5.958991
-6.236822
-6.236822
-5.499133
-5.767383
-6.265563
-5.393749
-4.608159
-4.244104
-3.094460
-3.295648
-4.866828
-5.230883
-4.905150
-5.614098
-6.687099
-6.447590
-5.719481
-6.361366
-6.179339
-5.106338
-5.585356
-6.428429
-6.945769
-7.060733
-6.620036
-5.930250
-6.217661
-5.863187
-5.815285
-6.782903
-5.623678
-4.972212
-5.767383
-5.776964
-5.652419
-6.457170
-6.466751
-4.866828
-4.857248
-5.594937
-4.588998
-4.359069
-5.614098
-5.700321
-5.115918
-5.585356
-6.179339
-4.857248
-4.119559
-6.236822
-7.223600
-6.208080
-5.729062
-5.757803
-5.767383
-5.776964
-5.527874
-5.537455
-5.786544
-6.026053
-6.390108
-5.939830
-5.355427
-5.585356
-6.054794
-5.786544
-6.639197
-6.917028
-4.588998
-3.995015
-4.330328
-4.493194
-5.422490
-5.240463
-4.426131
-5.020114
-6.160179
-7.309823
-6.859546
-5.173400
-5.250043
-6.275143
-6.255982
-5.499133
-5.278784
-5.547035
-6.035634
-6.390108
-6.064375
-5.786544
-5.786544
-5.661999
-5.106338
-5.709901
-7.099055
-6.888287
-6.667938
-5.939830
-5.729062
-6.495492
-5.987732
-6.121857
-6.064375
-6.399688
-7.415207
-5.805705
-4.311167
-4.474033
-4.062078
-4.119559
-5.010534
-5.422490
-5.738642
-5.757803
-5.891928
-6.198500
-5.729062
-5.259624
-5.537455
-5.786544
-6.026053
-5.527874
-5.786544
-6.026053
-6.141018
-7.300243
-6.859546
-6.524233
-6.006893
-4.531516
-4.090818
-4.129140
-3.286067
-3.630961
-4.282426
-5.087177
-6.562554
-6.265563
-6.121857
-6.313465
-5.776964
-6.639197
-6.677518
-5.585356
-6.054794
-6.026053
-5.642838
-4.857248
-3.630961
-4.282426
-5.575776
-6.054794
-6.763742
-6.610456
-7.396046
-8.133735
-6.629617
-6.294304
-7.012832
-7.089475
-6.390108
-5.202141
-5.259624
-6.275143
-6.131437
-6.188920
-6.706260
-5.345847
-3.851309
-4.014175
-4.454873
-4.665641
-4.895570
-5.240463
-5.154240
-5.115918
-5.470392
-5.633258
-5.834446
-6.054794
-6.275143
-5.518294
-5.786544
-6.639197
-5.930250
-4.493194
-4.071658
-4.368649
-3.765086
-3.985434
-4.445292
-4.416551
-4.157881
-3.420192
-4.062078
-5.958991
-7.463109
-7.424788
-6.303884
-6.399688
-7.798422
-8.200797
-7.396046
-6.782903
-6.370947
-5.681160
-6.102696
-5.556615
-4.196202
-4.541096
-4.588998
-4.483613
-4.186622
-3.439353
-3.947113
-4.799766
-4.330328
-4.857248
-5.844026
-5.192561
-5.135079
-6.342206
-6.782903
-6.984090
-6.342206
-4.560256
-3.851309
-5.010534
-5.661999
-5.479972
-5.757803
-6.141018
-6.073955
-5.422490
-5.365008
-5.834446
-5.930250
-5.604517
-5.566195
-5.805705
-6.035634
-5.776964
-4.790185
-4.943471
-5.757803
-5.891928
-5.336267
-4.464453
-3.199844
-3.717184
-4.943471
-5.259624
-6.150598
-5.460812
-4.397390
-5.135079
-6.217661
-6.102696
-6.045214
-6.639197
-5.690741
-5.489552
-6.141018
-5.451231
-5.499133
-6.141018
-6.313465
-5.776964
-5.288365
-4.809346
-4.838088
-5.211722
-4.646480
-5.250043
-6.639197
-6.064375
-5.412910
-6.227241
-6.485911
-6.476331
-5.978151
-4.885989
-3.755505
-3.851309
-4.148301
-3.908791
-4.292006
-4.588998
-4.119559
-3.276487
-3.880050
-4.895570
-5.115918
-5.096757
-5.336267
-5.326686
-5.192561
-5.384169
-5.594937
-5.690741
-5.987732
-5.997312
-4.771025
-4.320747
-4.857248
-4.483613
-4.809346
-4.828507
-3.487255
-3.851309
-5.000954
-5.048855
-4.943471
-4.157881
-3.669282
-4.301587
-4.847668
-5.345847
-5.824865
-5.432070
-4.876409
-5.978151
-7.348145
-6.878706
-6.045214
-6.026053
-6.265563
-5.633258
-5.834446
-6.294304
-5.652419
-5.594937
-5.326686
-5.317106
-6.179339
-6.830804
-6.878706
-6.667938
-6.562554
-6.265563
-6.869126
-7.146957
-4.943471
-4.771025
-5.432070
-4.627319
-4.751864
-4.809346
-4.215363
-4.435712
-5.029695
-5.173400
-5.250043
-5.029695
-5.182981
-5.748222
-6.006893
-5.891928
-5.709901
-5.872767
-6.313465
-5.537455
-4.311167
-4.598578
-4.732703
-4.675221
-5.144659
-4.991373
-3.563898
-3.889631
-5.633258
-5.221302
-5.029695
-6.045214
-6.026053
-6.141018
-7.300243
-7.597234
-7.242761
-6.706260
-6.208080
-6.600875
-6.409268
-5.451231
-5.623678
-6.198500
-5.844026
-4.703962
-4.780605
-5.441651
-5.000954
-5.173400
-5.250043
-5.039275
-5.317106
-5.805705
-7.146957
-8.133735
-7.616395
-6.016473
-4.905150
-4.502774
-4.320747
-4.109979
-3.401032
-3.688443
-5.173400
-5.374588
-5.470392
-6.495492
-6.735001
-6.466751
-6.227241
-5.863187
-5.824865
-6.169759
-6.208080
-5.729062
-5.508713
-5.652419
-5.968571
-5.374588
-4.732703
-5.537455
-6.035634
-6.390108
-6.802063
-6.006893
-5.144659
-4.981793
-4.905150
-5.250043
-5.039275
-3.832148
-3.765086
-4.474033
-4.550676
-5.087177
-5.824865
-6.045214
-5.048855
-5.068016
-6.188920
-5.594937
-5.566195
-6.045214
-5.786544
-5.288365
-5.671580
-5.968571
-4.636899
-4.627319
-5.729062
-5.757803
-6.141018
-6.323045
-6.035634
-6.763742
-6.725420
-5.968571
-5.374588
-5.096757
-5.585356
-5.939830
-4.991373
-3.688443
-4.186622
-4.052497
-3.860889
-5.135079
-5.968571
-6.112277
-5.939830
-5.853607
-5.815285
-5.796124
-5.786544
-5.412910
-5.479972
-5.882348
-6.073955
-5.297945
-5.432070
-6.361366
-6.418849
-5.949410
-5.115918
-4.483613
-4.799766
-6.303884
-6.275143
-5.882348
-5.824865
-4.560256
-4.224944
-4.684802
-5.642838
-6.696679
-6.696679
-6.332625
-6.773322
-7.348145
-6.390108
-6.428429
-6.083536
-4.445292
-4.167461
-3.544737
-3.755505
-4.838088
-5.460812
-5.508713
-5.776964
-6.265563
-5.269204
-5.297945
-6.418849
-5.585356
-4.828507
-5.211722
-5.259624
-4.675221
-4.646480
-5.250043
-3.563898
-3.017817
-4.244104
-3.583059
-3.027397
-4.617739
-5.853607
-5.815285
-5.796124
-5.412910
-5.240463
-5.652419
-5.844026
-5.815285
-5.796124
-6.035634
-6.390108
-5.566195
-5.556615
-6.418849
-6.323045
-6.160179
-6.811644
-6.629617
-4.569837
-4.847668
-6.083536
-5.547035
-5.422490
-5.000954
-4.311167
-5.096757
-5.949410
-6.227241
-6.725420
-7.827163
-6.859546
-5.412910
-5.978151
-6.236822
-6.236822
-6.361366
-6.543393
-5.642838
-5.719481
-6.859546
-5.661999
-4.866828
-5.106338
-4.972212
-6.141018
-7.300243
-6.495492
-5.374588
-5.336267
-5.575776
-6.303884
-6.390108
-4.828507
-3.975854
-3.832148
-3.765086
-4.588998
-5.230883
-4.905150
-4.138720
-4.282426
-5.326686
-5.815285
-5.422490
-5.240463
-5.776964
-6.026053
-5.776964
-5.652419
-5.968571
-6.361366
-5.556615
-4.933891
-5.269204
-5.412910
-5.365008
-5.336267
-4.713542
-4.914730
-6.112277
-5.815285
-5.422490
-5.738642
-5.144659
-5.240463
-6.026053
-5.776964
-5.776964
-6.265563
-6.620036
-6.667938
-6.802063
-6.006893
-5.518294
-6.026053
-5.278784
-4.933891
-5.508713
-5.403329
-5.594937
-5.451231
-4.636899
-5.125498
-5.844026
-4.953052
-4.780605
-5.182981
-4.397390
-4.895570
-6.102696
-6.792483
-6.993671
-6.217661
-6.102696
-6.667938
-6.438009
-5.345847
-5.087177
-5.336267
-4.330328
-4.119559
-5.135079
-5.604517
-5.575776
-5.690741
-5.863187
-5.815285
-5.796124
-5.786544
-5.786544
-6.150598
-5.700321
-5.125498
-6.217661
-7.338564
-7.367305
-7.012832
-5.863187
-4.339908
-4.119559
-4.387810
-4.885989
-5.853607
-5.566195
-5.068016
-5.566195
-6.054794
-6.026053
-5.652419
-5.345847
-6.802063
-7.980449
-7.415207
-6.917028
-6.188920
-5.106338
-4.608159
-4.742284
-4.550676
-4.464453
-4.426131
-4.531516
-4.703962
-5.278784
-5.796124
-5.786544
-5.786544
-5.776964
-5.527874
-5.786544
-5.901508
-6.083536
-6.418849
-6.811644
-5.278784
-3.573478
-3.765086
-3.985434
-4.818927
-4.962632
-5.029695
-5.671580
-5.978151
-5.623678
-5.460812
-5.872767
-6.073955
-5.661999
-5.479972
-5.518294
-5.776964
-5.652419
-6.208080
-6.840385
-6.524233
-6.246402
-6.121857
-5.690741
-4.502774
-5.432070
-6.476331
-5.863187
-5.824865
-4.933891
-4.895570
-6.600875
-6.897867
-6.054794
-6.275143
-6.006893
-5.144659
-5.978151
-5.623678
-5.221302
-5.767383
-4.665641
-4.761445
-4.809346
-4.588998
-4.608159
-4.119559
-4.138720
-4.771025
-5.432070
-5.365008
-5.709901
-5.872767
-6.188920
-6.830804
-6.390108
-5.077597
-4.962632
-4.780605
-4.943471
-5.269204
-3.937532
-3.199844
-3.707603
-4.196202
-4.426131
-5.020114
-5.796124
-6.035634
-5.901508
-5.958991
-5.987732
-5.757803
-5.393749
-5.479972
-6.006893
-6.370947
-5.566195
-5.805705
-6.399688
-5.949410
-6.476331
-5.863187
-5.077597
-4.349488
-3.266906
-3.372291
-3.793827
-3.496835
-3.975854
-4.933891
-4.646480
-5.125498
-5.230883
-5.403329
-6.591295
-6.399688
-6.562554
-6.390108
-5.939830
-6.342206
-6.409268
-7.060733
-6.495492
-5.125498
-4.608159
-5.115918
-5.096757
-4.474033
-6.035634
-8.124155
-7.606814
-5.767383
-5.403329
-6.591295
-7.022412
-6.725420
-5.230883
-4.541096
-5.690741
-5.250043
-4.541096
-4.464453
-3.324389
-2.787888
-3.640541
-4.416551
-5.269204
-5.661999
-5.604517
-5.700321
-6.112277
-6.179339
-5.968571
-5.872767
-5.949410
-6.227241
-5.499133
-4.656060
-5.374588
-6.083536
-4.933891
-4.521935
-4.694382
-4.416551
-5.269204
-5.173400
-4.876409
-5.729062
-5.872767
-6.064375
-6.160179
-6.323045
-6.773322
-6.610456
-5.432070
-5.365008
-6.696679
-6.198500
-5.230883
-4.905150
-4.627319
-5.614098
-5.451231
-4.646480
-5.499133
-5.403329
-5.719481
-6.610456
-6.045214
-5.652419
-6.332625
-6.533813
-6.993671
-7.942128
-7.031992
-5.997312
-6.744581
-6.476331
-6.227241
-5.499133
-3.803407
-3.995015
-4.703962
-3.793827
-3.621380
-4.771025
-5.556615
-5.920669
-5.844026
-5.690741
-5.863187
-6.064375
-5.661999
-5.604517
-6.064375
-6.399688
-6.064375
-5.048855
-5.317106
-5.805705
-5.661999
-5.479972
-5.757803
-4.665641
-3.659702
-4.301587
-4.224944
-4.435712
-4.167461
-3.554318
-4.253685
-5.556615
-5.796124
-6.648777
-7.539752
-6.102696
-4.818927
-5.575776
-6.179339
-6.217661
-4.751864
-3.822568
-4.742284
-4.560256
-4.224944
-5.048855
-6.179339
-6.332625
-5.920669
-5.470392
-5.384169
-5.221302
-4.406971
-4.282426
-4.962632
-5.154240
-5.355427
-5.336267
-5.326686
-4.215363
-3.448934
-5.307526
-6.418849
-6.198500
-5.489552
-5.144659
-5.479972
-5.642838
-5.719481
-5.748222
-6.016473
-5.882348
-5.700321
-5.863187
-5.575776
-5.681160
-5.240463
-5.527874
-7.022412
-7.463109
-7.060733
-6.255982
-6.370947
-6.677518
-5.585356
-4.330328
-3.755505
-3.477675
-3.477675
-3.228585
-2.989076
-4.234524
-5.556615
-6.284723
-7.252341
-6.093116
-5.681160
-7.204439
-7.060733
-6.255982
-5.633258
-4.723123
-4.052497
-3.745925
-3.228585
-3.477675
-4.828507
-5.087177
-5.709901
-6.974510
-7.443948
-6.677518
-5.700321
-5.623678
-6.572134
-7.865485
-7.003251
-6.102696
-6.667938
-5.575776
-4.703962
-5.029695
-5.432070
-5.365008
-4.972212
-5.403329
-5.729062
-5.882348
-5.575776
-5.432070
-5.738642
-5.882348
-5.709901
-5.623678
-5.949410
-6.351786
-5.920669
-6.208080
-6.715840
-6.466751
-6.591295
-5.786544
-5.163820
-6.112277
-6.294304
-5.518294
-5.652419
-5.968571
-5.623678
-6.198500
-5.729062
-4.397390
-5.135079
-5.968571
-6.485911
-7.338564
-7.740940
-6.447590
-5.594937
-5.566195
-4.569837
-4.972212
-5.403329
-4.742284
-4.924311
-5.135079
-5.719481
-6.984090
-5.844026
-4.943471
-6.131437
-6.677518
-6.562554
-6.514652
-5.997312
-5.269204
-5.048855
-4.943471
-6.006893
-7.233180
-6.821224
-5.527874
-4.914730
-5.010534
-4.684802
-4.656060
-5.135079
-5.106338
-4.962632
-5.144659
-5.230883
-5.278784
-5.297945
-5.307526
-5.556615
-5.920669
-5.355427
-5.211722
-6.246402
-6.246402
-4.646480
-4.014175
-4.224944
-3.333969
-3.899211
-5.269204
-5.288365
-5.920669
-7.194859
-7.060733
-6.370947
-6.179339
-6.332625
-5.547035
-4.933891
-5.384169
-5.345847
-5.077597
-5.326686
-6.054794
-5.048855
-3.956693
-4.435712
-4.905150
-5.863187
-6.677518
-5.949410
-5.125498
-5.470392
-6.620036
-7.645136
-7.022412
-5.987732
-6.121857
-5.815285
-5.547035
-5.671580
-5.479972
-5.518294
-3.937532
-2.826210
-3.908791
-4.167461
-4.416551
-5.757803
-6.505072
-6.610456
-6.409268
-6.073955
-5.920669
-5.968571
-5.987732
-6.006893
-6.131437
-5.815285
-5.671580
-5.853607
-5.317106
-5.441651
-5.738642
-5.144659
-5.853607
-5.815285
-4.196202
-4.062078
-4.368649
-4.751864
-6.160179
-5.834446
-4.205783
-4.675221
-5.997312
-6.006893
-5.757803
-5.642838
-5.096757
-5.460812
-6.121857
-5.939830
-5.614098
-6.073955
-6.035634
-5.154240
-5.000954
-5.412910
-5.115918
-5.221302
-5.269204
-5.422490
-6.600875
-6.782903
-7.108635
-7.750520
-8.057092
-7.089475
-6.265563
-6.495492
-5.374588
-4.857248
-4.608159
-4.129140
-4.761445
-4.445292
-3.678863
-4.062078
-4.981793
-5.537455
-5.412910
-4.991373
-5.163820
-5.614098
-5.585356
-5.690741
-5.987732
-5.997312
-6.131437
-5.939830
-5.230883
-5.642838
-5.958991
-5.978151
-6.859546
-6.648777
-4.579417
-3.745925
-4.953052
-5.393749
-6.332625
-7.999610
-8.047512
-6.591295
-5.786544
-6.888287
-6.907447
-6.303884
-6.514652
-6.610456
-6.045214
-5.652419
-5.355427
-4.349488
-4.866828
-5.470392
-5.633258
-6.198500
-5.365008
-4.349488
-5.240463
-5.652419
-6.332625
-7.022412
-5.738642
-4.771025
-5.432070
-5.738642
-5.020114
-5.297945
-4.943471
-3.669282
-2.950754
-3.353130
-4.033336
-3.487255
-3.726764
-5.930250
-6.964930
-6.457170
-6.093116
-5.556615
-5.671580
-5.978151
-5.872767
-5.451231
-5.250043
-5.652419
-6.093116
-5.796124
-5.297945
-5.671580
-6.342206
-6.035634
-5.652419
-5.230883
-5.403329
-6.466751
-6.093116
-5.681160
-5.115918
-3.870470
-4.521935
-6.054794
-6.524233
-6.121857
-6.303884
-5.652419
-4.368649
-4.502774
-5.796124
-6.035634
-5.278784
-5.297945
-4.933891
-4.157881
-3.918372
-3.927952
-3.314808
-4.014175
-4.588998
-5.345847
-6.438009
-6.457170
-5.479972
-4.656060
-5.259624
-5.288365
-5.920669
-6.830804
-5.776964
-4.301587
-3.611800
-3.659702
-4.665641
-5.135079
-5.355427
-6.323045
-6.524233
-6.255982
-6.246402
-5.997312
-6.006893
-6.255982
-6.121857
-5.939830
-5.853607
-5.815285
-6.045214
-5.527874
-5.297945
-5.920669
-5.853607
-5.202141
-4.771025
-4.809346
-3.726764
-3.468094
-4.454873
-4.665641
-5.010534
-5.920669
-6.457170
-6.342206
-5.796124
-6.150598
-8.047512
-8.440307
-7.635556
-6.763742
-6.112277
-5.317106
-4.953052
-4.042917
-3.611800
-5.020114
-5.297945
-4.933891
-4.895570
-5.987732
-7.108635
-7.137376
-7.396046
-6.782903
-5.757803
-5.891928
-5.585356
-4.330328
-4.857248
-5.230883
-3.678863
-4.550676
-5.824865
-4.933891
-4.521935
-4.454873
-3.812988
-3.880050
-4.771025
-5.432070
-5.738642
-5.882348
-5.824865
-5.556615
-5.422490
-5.489552
-5.642838
-5.844026
-6.054794
-5.412910
-4.991373
-6.150598
-6.936189
-6.438009
-6.572134
-6.514652
-4.397390
-4.771025
-6.533813
-5.269204
-4.924311
-7.357725
-8.239119
-6.802063
-5.882348
-6.198500
-5.968571
-4.761445
-5.058436
-5.815285
-5.297945
-4.933891
-5.384169
-4.857248
-4.981793
-5.901508
-5.345847
-5.077597
-4.838088
-5.585356
-6.179339
-5.096757
-5.709901
-7.099055
-7.386466
-6.409268
-5.087177
-5.326686
-5.566195
-4.569837
-4.100399
-4.378230
-3.899211
-3.918372
-4.790185
-5.317106
-5.690741
-7.214019
-8.047512
-7.204439
-6.572134
-6.026053
-5.767383
-6.016473
-6.141018
-5.949410
-6.102696
-6.303884
-6.390108
-5.690741
-4.876409
-5.240463
-5.154240
-5.489552
-6.380527
-6.188920
-4.991373
-4.426131
-4.042917
-4.109979
-5.125498
-5.719481
-5.997312
-5.508713
-5.652419
-5.834446
-5.556615
-4.933891
-4.771025
-4.445292
-4.665641
-5.757803
-5.154240
-4.502774
-5.307526
-6.179339
-4.981793
-4.790185
-5.815285
-6.045214
-5.776964
-5.776964
-6.141018
-5.336267
-5.451231
-6.121857
-5.326686
-5.192561
-5.882348
-5.575776
-4.454873
-3.927952
-4.665641
-4.646480
-5.250043
-6.888287
-7.156537
-6.054794
-5.288365
-5.547035
-5.422490
-5.240463
-5.403329
-5.729062
-5.757803
-5.527874
-5.412910
-5.489552
-5.891928
-5.585356
-4.579417
-5.336267
-6.313465
-5.537455
-4.799766
-4.579417
-3.621380
-4.282426
-5.566195
-5.671580
-5.479972
-5.767383
-6.629617
-6.054794
-6.150598
-7.424788
-7.166118
-6.418849
-5.824865
-5.307526
-5.556615
-5.307526
-5.432070
-5.000954
-4.560256
-4.838088
-4.847668
-4.608159
-4.981793
-5.776964
-6.150598
-6.438009
-6.945769
-6.687099
-5.709901
-5.259624
-4.914730
-4.263265
-3.966274
-3.698023
-2.835790
-3.918372
-5.029695
-5.058436
-5.815285
-5.297945
-3.956693
-3.573478
-4.378230
-5.374588
-5.221302
-4.771025
-4.943471
-5.633258
-5.958991
-5.738642
-5.269204
-5.173400
-5.738642
-5.393749
-4.608159
-5.106338
-5.709901
-5.872767
-5.575776
-4.454873
-3.563898
-3.515996
-3.860889
-4.148301
-4.895570
-4.991373
-4.062078
-4.368649
-4.991373
-5.412910
-6.466751
-6.715840
-5.479972
-5.642838
-6.945769
-7.060733
-6.006893
-4.406971
-5.020114
-5.911089
-4.483613
-4.684802
-7.242761
-8.181637
-6.773322
-6.246402
-6.859546
-5.786544
-5.422490
-6.351786
-6.658358
-7.175698
-7.415207
-6.418849
-4.474033
-4.799766
-5.815285
-5.173400
-5.738642
-7.731359
-8.411566
-7.252341
-6.227241
-6.112277
-5.805705
-5.048855
-5.192561
-5.872767
-6.073955
-5.661999
-5.479972
-5.882348
-6.198500
-5.978151
-4.761445
-4.560256
-4.962632
-4.416551
-5.020114
-5.920669
-4.493194
-3.822568
-4.129140
-4.646480
-5.374588
-5.096757
-6.073955
-6.533813
-5.393749
-6.093116
-7.166118
-6.294304
-6.141018
-5.939830
-5.604517
-5.202141
-4.895570
-4.627319
-4.627319
-4.253685
-4.818927
-5.575776
-4.703962
-5.278784
-6.035634
-6.026053
-6.754161
-7.836743
-6.984090
-5.355427
-5.336267
-6.188920
-5.968571
-4.263265
-3.468094
-4.579417
-5.211722
-4.406971
-4.895570
-6.725420
-7.204439
-6.562554
-6.026053
-5.776964
-5.652419
-5.470392
-5.135079
-5.479972
-5.882348
-5.709901
-5.623678
-5.709901
-5.987732
-6.121857
-4.953052
-4.531516
-4.703962
-4.042917
-4.109979
-5.115918
-4.981793
-5.278784
-6.409268
-6.323045
-6.035634
-6.390108
-6.562554
-6.265563
-6.255982
-7.233180
-7.568493
-5.997312
-5.757803
-6.131437
-5.949410
-4.751864
-4.071658
-5.106338
-5.096757
-4.972212
-5.527874
-5.048855
-4.445292
-5.154240
-6.227241
-6.476331
-6.964930
-8.421146
-8.248699
-6.562554
-6.141018
-6.438009
-5.834446
-4.694382
-4.531516
-4.090818
-3.515996
-4.359069
-5.604517
-5.575776
-5.432070
-6.361366
-6.543393
-6.255982
-6.121857
-5.939830
-5.729062
-5.757803
-5.891928
-5.460812
-5.508713
-5.901508
-6.083536
-5.796124
-4.675221
-4.521935
-4.818927
-4.962632
-6.380527
-6.303884
-3.927952
-3.563898
-5.240463
-5.288365
-4.933891
-6.620036
-6.792483
-5.508713
-4.914730
-5.499133
-5.527874
-5.412910
-6.466751
-6.715840
-6.466751
-5.240463
-4.167461
-3.429773
-4.186622
-5.278784
-5.058436
-5.317106
-4.330328
-3.496835
-4.224944
-4.320747
-4.608159
-5.479972
-5.882348
-5.336267
-5.700321
-7.214019
-7.185278
-6.926608
-5.460812
-3.286067
-3.257326
-3.860889
-4.272845
-4.953052
-5.767383
-6.016473
-5.891928
-5.834446
-5.805705
-5.671580
-5.604517
-5.939830
-6.102696
-5.805705
-5.547035
-5.547035
-5.920669
-5.470392
-5.020114
-5.796124
-6.026053
-6.141018
-6.064375
-5.048855
-3.832148
-4.378230
-5.374588
-5.460812
-5.757803
-5.518294
-5.039275
-5.182981
-5.997312
-6.859546
-7.520591
-7.942128
-7.281082
-6.227241
-6.361366
-6.543393
-6.754161
-7.223600
-6.945769
-5.949410
-5.729062
-6.121857
-5.451231
-5.374588
-6.332625
-6.035634
-5.767383
-6.026053
-5.642838
-5.958991
-6.725420
-5.968571
-4.885989
-4.617739
-4.004595
-4.215363
-4.311167
-3.745925
-3.966274
-3.707603
-3.094460
-3.420192
-4.550676
-5.077597
-5.326686
-5.690741
-5.738642
-5.508713
-5.154240
-5.240463
-5.527874
-5.661999
-5.968571
-6.112277
-5.566195
-6.045214
-6.639197
-6.917028
-7.175698
-6.917028
-5.326686
-4.215363
-5.173400
-5.374588
-5.096757
-6.188920
-7.079894
-6.754161
-7.099055
-8.124155
-7.606814
-6.629617
-6.917028
-6.677518
-7.185278
-7.051153
-5.997312
-5.757803
-6.141018
-5.824865
-4.933891
-5.020114
-5.422490
-6.351786
-6.782903
-6.246402
-6.610456
-7.645136
-6.773322
-5.872767
-6.313465
-6.026053
-4.780605
-4.454873
-4.426131
-4.033336
-4.598578
-4.981793
-4.416551
-4.895570
-6.112277
-6.667938
-6.687099
-6.208080
-5.978151
-5.872767
-5.824865
-6.045214
-5.776964
-5.288365
-5.422490
-5.614098
-5.949410
-5.489552
-4.292006
-4.838088
-5.345847
-5.575776
-6.303884
-6.150598
-4.474033
-4.062078
-5.345847
-5.087177
-6.073955
-7.645136
-7.386466
-6.773322
-6.610456
-6.782903
-5.997312
-5.633258
-6.811644
-7.740940
-7.922967
-6.907447
-5.566195
-6.169759
-7.558913
-6.485911
-4.876409
-4.368649
-4.387810
-5.748222
-5.767383
-4.665641
-5.623678
-5.585356
-5.202141
-5.997312
-6.006893
-6.006893
-6.380527
-6.303884
-5.537455
-5.786544
-5.163820
-4.387810
-4.761445
-3.707603
-3.209424
-4.205783
-5.048855
-5.681160
-5.978151
-5.872767
-5.824865
-5.796124
-5.786544
-5.537455
-5.661999
-5.968571
-6.112277
-5.441651
-5.374588
-6.581715
-6.773322
-5.997312
-6.121857
-6.179339
-5.345847
-5.575776
-5.307526
-5.681160
-6.476331
-5.365008
-4.972212
-5.776964
-6.888287
-7.031992
-6.246402
-5.748222
-6.255982
-7.108635
-6.399688
-5.700321
-6.361366
-5.681160
-5.489552
-6.006893
-5.642838
-5.585356
-5.068016
-4.588998
-3.870470
-4.397390
-5.499133
-5.403329
-5.594937
-5.690741
-5.115918
-5.096757
-5.096757
-4.598578
-3.995015
-4.454873
-4.301587
-3.736345
-3.956693
-3.698023
-3.947113
-4.062078
-4.359069
-5.000954
-5.297945
-5.307526
-5.307526
-5.307526
-5.192561
-5.384169
-5.719481
-5.872767
-6.064375
-5.786544
-5.537455
-6.035634
-5.652419
-5.221302
-5.642838
-5.470392
-3.908791
-3.918372
-5.278784
-5.173400
-5.623678
-6.936189
-7.673877
-6.658358
-5.700321
-6.485911
-6.476331
-5.978151
-5.997312
-5.633258
-5.958991
-6.849965
-7.137376
-5.058436
-4.215363
-5.297945
-5.058436
-5.805705
-6.773322
-6.735001
-5.115918
-4.483613
-6.160179
-6.073955
-4.684802
-5.144659
-5.729062
-5.633258
-6.323045
-6.773322
-5.384169
-4.359069
-5.000954
-5.163820
-5.978151
-7.597234
-7.242761
-5.719481
-5.623678
-6.198500
-6.217661
-5.987732
-5.872767
-5.575776
-5.307526
-5.317106
-5.441651
-5.748222
-6.006893
-5.642838
-5.221302
-5.767383
-6.265563
-5.882348
-5.202141
-5.020114
-6.035634
-6.390108
-5.815285
-6.160179
-6.572134
-5.288365
-4.933891
-5.882348
-5.824865
-5.681160
-5.738642
-6.246402
-6.984090
-7.204439
-6.562554
-6.026053
-5.527874
-4.550676
-3.975854
-4.071658
-4.368649
-4.502774
-5.058436
-5.690741
-6.236822
-6.849965
-6.399688
-5.939830
-6.964930
-6.696679
-6.083536
-6.169759
-6.696679
-7.185278
-6.188920
-6.457170
-7.079894
-6.265563
-5.020114
-4.809346
-5.077597
-4.464453
-4.790185
-5.690741
-5.365008
-4.962632
-4.895570
-5.115918
-5.470392
-5.384169
-5.470392
-5.882348
-6.198500
-5.479972
-5.029695
-5.671580
-5.604517
-5.451231
-6.361366
-6.667938
-4.838088
-4.359069
-5.604517
-5.575776
-6.169759
-8.057092
-7.827163
-6.849965
-6.399688
-5.939830
-5.115918
-4.732703
-5.661999
-5.604517
-4.339908
-4.119559
-4.272845
-3.104040
-3.305228
-4.253685
-4.330328
-5.096757
-5.834446
-5.307526
-5.068016
-5.575776
-6.543393
-6.255982
-6.370947
-7.041573
-6.859546
-7.022412
-6.236822
-4.885989
-4.253685
-4.818927
-4.224944
-3.573478
-4.627319
-4.627319
-4.627319
-5.863187
-6.313465
-6.275143
-6.006893
-5.384169
-5.345847
-5.700321
-5.863187
-5.575776
-5.307526
-5.556615
-6.045214
-5.776964
-5.901508
-6.457170
-5.594937
-4.713542
-5.652419
-6.208080
-4.378230
-3.899211
-5.029695
-5.671580
-5.978151
-6.236822
-6.485911
-5.978151
-5.748222
-6.255982
-5.872767
-4.474033
-4.675221
-5.997312
-5.633258
-4.234524
-3.583059
-4.263265
-5.690741
-5.978151
-4.885989
-4.253685
-5.192561
-5.623678
-5.460812
-5.882348
-6.073955
-5.786544
-5.288365
-5.547035
-5.422490
-5.365008
-6.083536
-5.796124
-4.550676
-4.588998
-5.096757
-4.474033
-4.684802
-5.518294
-5.403329
-5.853607
-6.428429
-6.208080
-6.102696
-5.805705
-5.911089
-5.834446
-5.556615
-5.671580
-5.729062
-5.508713
-5.652419
-5.594937
-5.815285
-6.658358
-6.926608
-6.428429
-5.834446
-5.192561
-4.272845
-3.726764
-3.468094
-4.579417
-5.709901
-4.636899
-3.525577
-4.234524
-4.569837
-4.224944
-5.297945
-6.667938
-6.198500
-5.729062
-5.748222
-5.642838
-6.083536
-5.432070
-3.765086
-3.113621
-3.554318
-4.742284
-5.048855
-5.192561
-6.361366
-6.792483
-6.993671
-7.079894
-6.016473
-5.154240
-5.978151
-6.236822
-5.374588
-5.460812
-5.020114
-3.084879
-2.682504
-4.454873
-6.150598
-5.336267
-4.588998
-5.844026
-6.543393
-6.131437
-5.441651
-5.374588
-5.709901
-5.997312
-6.006893
-5.882348
-5.824865
-5.930250
-6.093116
-6.294304
-6.390108
-6.926608
-6.926608
-6.562554
-7.127796
-6.773322
-5.623678
-5.700321
-5.863187
-5.815285
-5.671580
-4.617739
-4.991373
-6.399688
-5.824865
-6.045214
-8.124155
-8.354083
-7.348145
-6.514652
-6.370947
-5.192561
-3.036978
-3.266906
-4.359069
-4.751864
-5.297945
-5.681160
-5.240463
-5.652419
-6.457170
-6.217661
-6.600875
-7.520591
-7.204439
-5.824865
-5.432070
-5.863187
-5.202141
-3.544737
-3.630961
-5.144659
-5.240463
-4.790185
-4.694382
-5.154240
-5.978151
-5.499133
-5.029695
-5.432070
-5.614098
-5.585356
-5.566195
-5.920669
-6.217661
-6.102696
-5.930250
-6.093116
-6.294304
-5.776964
-4.052497
-3.860889
-4.636899
-4.761445
-5.422490
-5.489552
-4.167461
-3.793827
-4.483613
-4.560256
-5.211722
-6.131437
-5.690741
-4.876409
-4.866828
-5.230883
-5.642838
-6.581715
-6.639197
-5.815285
-5.547035
-5.173400
-5.614098
-6.562554
-6.763742
-5.499133
-4.914730
-5.748222
-5.393749
-4.617739
-5.115918
-5.709901
-6.361366
-6.667938
-5.700321
-4.876409
-5.115918
-4.972212
-3.554318
-4.004595
-5.441651
-5.623678
-5.460812
-5.259624
-5.163820
-4.876409
-5.230883
-5.891928
-5.958991
-5.863187
-5.451231
-5.000954
-5.163820
-5.374588
-5.585356
-5.566195
-5.432070
-5.863187
-6.303884
-6.390108
-5.326686
-4.953052
-5.020114
-5.307526
-6.418849
-6.447590
-4.732703
-3.688443
-4.311167
-4.847668
-5.470392
-5.508713
-5.776964
-6.878706
-7.031992
-7.223600
-6.696679
-5.470392
-5.633258
-5.834446
-5.930250
-6.217661
-5.978151
-5.623678
-6.323045
-5.911089
-5.230883
-5.767383
-5.527874
-5.661999
-6.093116
-5.182981
-5.384169
-6.706260
-6.581715
-5.412910
-4.742284
-5.422490
-4.991373
-3.688443
-3.448934
-3.956693
-4.809346
-5.326686
-6.179339
-6.581715
-6.648777
-5.939830
-5.365008
-5.958991
-5.863187
-5.575776
-5.690741
-5.863187
-5.815285
-5.547035
-5.422490
-5.365008
-5.585356
-5.556615
-5.796124
-6.409268
-5.700321
-4.876409
-5.604517
-5.824865
-4.445292
-4.301587
-4.598578
-4.981793
-5.403329
-4.617739
-3.640541
-3.554318
-4.866828
-5.968571
-5.623678
-5.575776
-6.179339
-6.457170
-6.581715
-6.524233
-5.633258
-5.834446
-6.792483
-5.508713
-4.914730
-5.374588
-4.723123
-4.675221
-5.259624
-5.661999
-6.342206
-6.907447
-5.930250
-4.991373
-5.537455
-5.048855
-4.943471
-5.757803
-5.029695
-4.694382
-4.406971
-3.659702
-3.439353
-3.956693
-4.311167
-4.109979
-4.512355
-5.317106
-5.441651
-5.250043
-5.537455
-5.661999
-5.729062
-5.757803
-5.767383
-5.901508
-6.208080
-5.853607
-5.805705
-5.786544
-5.537455
-5.297945
-4.943471
-4.646480
-3.525577
-4.234524
-5.556615
-5.556615
-5.422490
-4.991373
-4.426131
-4.780605
-5.920669
-6.581715
-6.763742
-6.849965
-6.035634
-6.016473
-6.993671
-6.715840
-6.217661
-5.863187
-5.939830
-5.115918
-4.483613
-5.537455
-5.297945
-5.556615
-6.160179
-6.447590
-7.194859
-6.936189
-7.175698
-8.028351
-8.430726
-7.386466
-6.399688
-6.438009
-5.594937
-5.202141
-4.895570
-4.263265
-4.703962
-5.029695
-4.435712
-4.167461
-4.780605
-5.068016
-4.828507
-4.962632
-5.527874
-5.786544
-5.786544
-5.661999
-5.604517
-5.939830
-6.227241
-5.738642
-4.397390
-4.521935
-5.068016
-4.339908
-4.493194
-5.671580
-4.742284
-3.822568
-4.617739
-4.742284
-5.173400
-5.748222
-5.144659
-4.378230
-4.387810
-5.125498
-5.594937
-5.566195
-4.943471
-5.144659
-6.466751
-7.204439
-6.447590
-5.096757
-5.709901
-5.748222
-5.518294
-6.265563
-5.020114
-3.698023
-4.560256
-5.949410
-6.102696
-5.556615
-5.307526
-5.556615
-6.782903
-6.610456
-5.796124
-5.537455
-5.048855
-4.943471
-4.042917
-3.487255
-4.464453
-5.039275
-4.943471
-5.633258
-6.332625
-6.284723
-5.891928
-5.460812
-5.633258
-5.958991
-5.987732
-5.384169
-5.221302
-5.642838
-6.083536
-5.796124
-5.786544
-6.275143
-5.882348
-5.087177
-5.336267
-5.690741
-4.876409
-4.493194
-4.311167
-4.109979
-4.627319
-4.751864
-4.435712
-4.531516
-4.703962
-5.891928
-6.323045
-6.160179
-6.811644
-6.754161
-6.112277
-5.805705
-5.796124
-4.186622
-3.803407
-5.230883
-5.767383
-5.652419
-6.208080
-6.964930
-6.208080
-6.102696
-6.418849
-5.709901
-6.112277
-7.041573
-6.984090
-5.729062
-4.646480
-4.263265
-4.953052
-6.131437
-4.962632
-4.292006
-5.087177
-4.474033
-4.062078
-5.719481
-6.859546
-6.533813
-6.131437
-5.575776
-5.307526
-5.805705
-6.035634
-5.901508
-5.834446
-5.930250
-5.978151
-5.499133
-4.042917
-3.860889
-4.636899
-5.614098
-6.687099
-6.811644
-5.403329
-4.981793
-5.776964
-5.776964
-6.026053
-5.154240
-5.115918
-6.332625
-5.911089
-5.594937
-7.166118
-7.166118
-6.179339
-5.834446
-6.667938
-6.313465
-5.288365
-5.307526
-5.681160
-6.476331
-6.476331
-5.729062
-4.521935
-4.579417
-4.972212
-4.905150
-5.987732
-6.246402
-4.148301
-4.157881
-4.905150
-3.525577
-3.247746
-4.349488
-3.640541
-3.429773
-4.933891
-5.135079
-5.479972
-6.744581
-7.214019
-6.572134
-5.911089
-5.719481
-5.499133
-5.029695
-5.182981
-5.872767
-6.064375
-5.547035
-5.547035
-5.920669
-6.093116
-5.432070
-5.125498
-5.844026
-5.566195
-4.933891
-5.384169
-5.230883
-3.429773
-3.458514
-4.445292
-4.292006
-4.100399
-4.876409
-5.230883
-4.905150
-4.876409
-5.853607
-6.917028
-6.926608
-6.428429
-6.198500
-5.968571
-4.876409
-4.368649
-4.876409
-4.991373
-3.812988
-3.381871
-4.531516
-4.454873
-4.675221
-5.757803
-5.891928
-6.323045
-7.022412
-7.099055
-6.265563
-6.255982
-6.984090
-6.093116
-5.307526
-5.192561
-4.023756
-3.113621
-4.167461
-5.652419
-4.857248
-5.096757
-7.434368
-7.903806
-6.897867
-6.054794
-5.288365
-5.422490
-5.978151
-5.872767
-5.700321
-5.748222
-5.882348
-6.198500
-6.217661
-4.751864
-4.684802
-6.006893
-5.757803
-5.269204
-5.537455
-5.173400
-4.885989
-4.742284
-4.311167
-4.234524
-4.196202
-5.652419
-7.079894
-6.265563
-5.757803
-6.629617
-5.930250
-5.355427
-5.585356
-5.317106
-5.441651
-6.112277
-5.815285
-4.684802
-5.020114
-5.182981
-5.135079
-5.968571
-6.725420
-6.102696
-5.192561
-5.748222
-5.882348
-5.949410
-6.715840
-6.830804
-5.288365
-4.560256
-4.598578
-3.745925
-4.100399
-5.489552
-5.767383
-4.905150
-4.876409
-5.853607
-7.041573
-7.108635
-6.524233
-6.246402
-5.748222
-5.767383
-6.016473
-5.767383
-5.527874
-5.537455
-5.547035
-5.796124
-5.661999
-5.106338
-5.709901
-5.748222
-4.656060
-4.885989
-4.991373
-3.937532
-4.186622
-5.652419
-5.958991
-5.614098
-6.198500
-6.591295
-5.786544
-5.288365
-6.658358
-7.913386
-6.773322
-5.872767
-6.438009
-6.572134
-5.537455
-5.173400
-5.623678
-5.709901
-5.499133
-5.891928
-6.073955
-4.809346
-4.953052
-6.131437
-6.064375
-6.897867
-7.281082
-5.863187
-5.192561
-5.259624
-5.661999
-5.230883
-4.656060
-4.761445
-4.569837
-4.109979
-4.502774
-4.445292
-3.554318
-4.253685
-6.169759
-6.821224
-6.265563
-6.006893
-5.882348
-6.073955
-6.160179
-5.958991
-5.863187
-5.700321
-5.863187
-6.313465
-5.901508
-5.345847
-5.700321
-6.600875
-7.271502
-6.715840
-5.594937
-5.202141
-5.020114
-4.435712
-5.154240
-5.853607
-4.828507
-4.962632
-5.518294
-6.390108
-7.051153
-7.108635
-6.524233
-6.495492
-7.214019
-6.572134
-5.776964
-5.412910
-4.493194
-3.458514
-3.707603
-3.458514
-2.720825
-3.611800
-5.144659
-4.991373
-4.426131
-5.642838
-5.958991
-6.227241
-8.449887
-9.245058
-7.645136
-5.786544
-5.412910
-4.617739
-4.129140
-4.148301
-3.669282
-3.065719
-3.036978
-3.515996
-3.123201
-3.554318
-4.991373
-5.661999
-5.719481
-5.757803
-5.767383
-5.527874
-5.039275
-5.068016
-5.451231
-5.872767
-5.690741
-6.102696
-6.792483
-6.370947
-5.939830
-5.604517
-4.962632
-3.554318
-3.257326
-4.359069
-4.991373
-6.399688
-7.798422
-7.578074
-6.495492
-5.987732
-6.246402
-5.384169
-5.834446
-7.290662
-6.849965
-6.399688
-6.811644
-6.380527
-4.579417
-4.847668
-5.470392
-5.020114
-5.422490
-6.476331
-6.591295
-5.786544
-5.412910
-5.978151
-6.849965
-6.275143
-5.518294
-5.288365
-6.160179
-6.323045
-5.173400
-4.876409
-4.991373
-4.052497
-3.985434
-5.317106
-5.441651
-4.512355
-3.832148
-4.253685
-4.953052
-5.144659
-5.365008
-5.585356
-5.939830
-5.844026
-5.441651
-5.738642
-6.131437
-6.313465
-5.652419
-5.470392
-6.370947
-6.428429
-5.834446
-5.307526
-4.694382
-3.669282
-3.927952
-5.163820
-5.365008
-5.460812
-4.895570
-4.014175
-4.588998
-4.608159
-5.230883
-6.754161
-7.099055
-5.901508
-5.096757
-6.083536
-6.169759
-5.834446
-6.294304
-6.016473
-5.144659
-5.479972
-5.757803
-4.665641
-4.521935
-5.068016
-5.930250
-6.591295
-6.160179
-5.834446
-6.179339
-6.955349
-5.958991
-4.761445
-4.933891
-4.895570
-4.627319
-3.391451
-2.826210
-4.272845
-5.202141
-5.508713
-6.639197
-7.041573
-6.370947
-6.054794
-5.911089
-5.844026
-5.930250
-5.729062
-5.508713
-5.652419
-5.844026
-6.179339
-5.594937
-5.326686
-6.179339
-6.581715
-6.399688
-6.313465
-6.026053
-3.918372
-3.439353
-4.684802
-4.771025
-5.307526
-5.317106
-4.703962
-5.029695
-5.805705
-6.648777
-6.428429
-6.208080
-6.600875
-6.897867
-7.415207
-7.031992
-6.112277
-4.953052
-5.518294
-6.265563
-5.757803
-6.629617
-6.179339
-4.244104
-4.330328
-4.483613
-4.435712
-5.767383
-7.003251
-6.227241
-5.489552
-5.767383
-5.039275
-4.694382
-5.154240
-4.502774
-3.084879
-3.161522
-4.435712
-5.029695
-4.560256
-3.975854
-4.320747
-4.857248
-5.096757
-5.345847
-5.202141
-5.259624
-5.537455
-5.661999
-5.729062
-5.882348
-6.198500
-6.217661
-5.365008
-5.096757
-4.972212
-5.154240
-7.089475
-7.990029
-5.949410
-4.991373
-5.412910
-5.729062
-5.997312
-5.633258
-6.208080
-7.089475
-6.390108
-6.064375
-7.884645
-8.478628
-7.903806
-7.137376
-6.418849
-5.824865
-5.432070
-5.614098
-5.824865
-4.943471
-4.771025
-6.418849
-6.562554
-6.639197
-7.166118
-6.792483
-6.495492
-5.863187
-5.326686
-5.939830
-5.978151
-5.125498
-5.844026
-6.294304
-5.154240
-5.115918
-5.470392
-4.397390
-4.646480
-6.112277
-5.930250
-5.479972
-5.757803
-5.891928
-5.709901
-5.259624
-5.163820
-5.365008
-5.460812
-5.633258
-5.709901
-5.748222
-6.006893
-5.642838
-4.598578
-4.617739
-4.742284
-4.435712
-5.767383
-6.141018
-4.349488
-3.880050
-5.010534
-5.173400
-5.499133
-7.003251
-7.453528
-6.313465
-6.026053
-7.252341
-6.591295
-5.786544
-6.763742
-7.223600
-6.581715
-5.537455
-4.435712
-4.167461
-4.905150
-5.000954
-4.924311
-5.135079
-4.244104
-3.956693
-4.933891
-5.508713
-5.776964
-6.514652
-6.495492
-4.627319
-4.378230
-5.623678
-5.709901
-5.374588
-4.972212
-5.029695
-4.569837
-4.234524
-4.684802
-4.406971
-4.771025
-5.556615
-5.671580
-5.978151
-6.112277
-5.815285
-5.920669
-6.332625
-6.409268
-6.073955
-5.796124
-5.786544
-6.026053
-5.652419
-4.857248
-5.470392
-5.393749
-4.244104
-4.818927
-4.962632
-3.793827
-3.870470
-4.771025
-5.307526
-5.930250
-5.844026
-4.818927
-5.087177
-5.575776
-6.045214
-7.501431
-7.808002
-6.351786
-5.671580
-5.355427
-4.723123
-5.403329
-6.342206
-6.035634
-5.278784
-5.173400
-5.623678
-5.336267
-5.202141
-5.384169
-6.208080
-7.204439
-6.811644
-6.878706
-7.520591
-7.951708
-6.792483
-5.259624
-5.537455
-4.675221
-3.171103
-3.458514
-4.320747
-4.359069
-4.014175
-4.953052
-5.642838
-5.594937
-5.939830
-5.978151
-5.499133
-5.518294
-5.786544
-5.776964
-5.412910
-5.240463
-5.652419
-6.083536
-5.432070
-5.374588
-6.332625
-6.035634
-5.278784
-4.799766
-4.828507
-3.736345
-3.841729
-5.614098
-5.326686
-5.202141
-6.993671
-7.942128
-7.281082
-7.099055
-7.376885
-6.648777
-5.441651
-5.748222
-6.380527
-6.064375
-5.173400
-4.512355
-4.196202
-5.163820
-6.600875
-6.533813
-6.370947
-6.917028
-6.552974
-5.403329
-5.479972
-6.869126
-7.520591
-6.840385
-5.288365
-4.560256
-5.336267
-5.326686
-5.690741
-6.964930
-6.696679
-4.359069
-3.889631
-4.895570
-4.627319
-4.253685
-5.441651
-6.725420
-6.466751
-5.978151
-5.374588
-5.221302
-5.642838
-5.719481
-5.623678
-5.949410
-5.853607
-5.805705
-5.671580
-5.604517
-6.188920
-6.581715
-6.648777
-6.802063
-6.255982
-5.384169
-5.479972
-5.269204
-5.173400
-5.000954
-4.675221
-5.757803
-6.255982
-5.508713
-5.029695
-4.933891
-5.757803
-7.003251
-7.453528
-6.562554
-6.265563
-6.744581
-5.738642
-6.006893
-6.754161
-6.112277
-5.317106
-5.681160
-5.978151
-4.636899
-4.876409
-6.217661
-6.112277
-5.930250
-6.706260
-6.706260
-6.208080
-6.102696
-6.054794
-5.288365
-4.684802
-4.033336
-3.860889
-4.646480
-4.387810
-3.659702
-4.177042
-5.154240
-5.729062
-5.882348
-5.336267
-5.202141
-5.748222
-6.255982
-6.131437
-5.700321
-5.738642
-5.882348
-5.460812
-6.485911
-7.587654
-6.869126
-5.671580
-4.493194
-4.071658
-3.880050
-3.908791
-4.167461
-4.656060
-5.748222
-5.882348
-4.838088
-4.972212
-4.416551
-4.282426
-5.566195
-5.805705
-5.671580
-6.102696
-6.917028
-6.802063
-6.255982
-5.144659
-4.991373
-5.412910
-4.617739
-4.627319
-5.604517
-6.562554
-6.016473
-4.416551
-4.646480
-5.000954
-5.048855
-7.041573
-8.095413
-6.859546
-6.648777
-6.802063
-4.905150
-3.765086
-4.474033
-4.550676
-3.477675
-3.104040
-3.918372
-4.052497
-4.483613
-5.422490
-5.614098
-5.949410
-6.102696
-5.930250
-5.968571
-6.112277
-5.939830
-5.853607
-6.179339
-5.719481
-5.384169
-6.208080
-6.102696
-6.054794
-6.524233
-5.882348
-4.224944
-4.684802
-6.006893
-5.393749
-5.719481
-7.108635
-7.625975
-6.888287
-6.543393
-6.993671
-6.102696
-5.556615
-6.169759
-6.821224
-7.616395
-7.501431
-5.968571
-4.512355
-4.445292
-4.052497
-4.359069
-5.240463
-4.914730
-4.148301
-3.784246
-5.096757
-6.811644
-6.505072
-5.623678
-5.958991
-6.351786
-6.782903
-6.869126
-5.671580
-4.253685
-3.841729
-3.889631
-4.033336
-5.087177
-5.211722
-4.282426
-3.851309
-4.387810
-5.374588
-5.709901
-5.623678
-5.336267
-5.202141
-5.384169
-5.221302
-5.269204
-5.547035
-5.796124
-5.288365
-4.943471
-5.633258
-5.221302
-4.406971
-5.259624
-5.661999
-4.244104
-3.707603
-4.933891
-5.633258
-5.824865
-7.281082
-8.085834
-6.735001
-5.355427
-5.824865
-5.920669
-5.968571
-6.610456
-6.409268
-5.575776
-5.681160
-5.853607
-4.215363
-4.924311
-5.872767
-4.588998
-4.847668
-5.221302
-4.771025
-4.943471
-5.882348
-7.060733
-6.744581
-5.853607
-6.064375
-5.537455
-4.684802
-4.646480
-4.761445
-4.435712
-5.154240
-5.978151
-5.135079
-5.355427
-7.185278
-7.913386
-6.773322
-5.872767
-5.824865
-5.796124
-5.786544
-5.786544
-5.786544
-5.661999
-5.230883
-5.154240
-5.489552
-6.006893
-5.882348
-5.087177
-5.211722
-5.882348
-5.824865
-6.169759
-5.958991
-4.014175
-3.851309
-5.125498
-4.981793
-4.541096
-5.815285
-6.284723
-5.891928
-6.198500
-6.591295
-6.275143
-5.767383
-6.639197
-7.041573
-6.370947
-5.930250
-5.230883
-5.154240
-6.102696
-5.681160
-5.365008
-6.198500
-4.991373
-4.426131
-5.642838
-5.834446
-5.930250
-6.591295
-6.160179
-5.460812
-6.246402
-6.859546
-6.897867
-6.667938
-5.460812
-4.033336
-3.611800
-3.410612
-3.075299
-3.410612
-4.301587
-4.847668
-5.345847
-5.949410
-6.102696
-5.681160
-5.479972
-5.642838
-5.594937
-5.317106
-5.681160
-6.102696
-6.169759
-5.470392
-5.508713
-6.399688
-6.064375
-5.547035
-6.284723
-6.505072
-4.512355
-4.081238
-4.617739
-4.378230
-4.751864
-6.284723
-7.242761
-6.093116
-5.556615
-6.045214
-5.163820
-5.374588
-6.572134
-6.150598
-5.087177
-5.336267
-5.690741
-4.502774
-5.182981
-6.361366
-5.556615
-5.307526
-6.917028
-7.913386
-7.137376
-6.658358
-6.802063
-6.006893
-5.882348
-7.300243
-7.348145
-6.265563
-6.006893
-5.393749
-4.608159
-4.991373
-4.675221
-4.771025
-5.920669
-5.355427
-3.975854
-4.569837
-5.585356
-5.939830
-6.093116
-5.805705
-5.671580
-5.604517
-5.575776
-5.566195
-5.556615
-5.796124
-6.284723
-6.006893
-6.255982
-7.108635
-7.261921
-6.591295
-6.160179
-5.949410
-4.751864
-4.809346
-4.828507
-4.349488
-5.106338
-4.723123
-3.688443
-4.311167
-4.598578
-4.368649
-5.115918
-5.844026
-5.805705
-5.796124
-5.661999
-4.981793
-4.426131
-3.669282
-3.190264
-3.956693
-4.196202
-3.688443
-4.311167
-4.847668
-4.109979
-4.138720
-5.384169
-5.345847
-5.211722
-6.255982
-6.121857
-5.566195
-6.169759
-6.083536
-4.933891
-5.135079
-4.129140
-2.672924
-3.956693
-5.173400
-4.761445
-5.058436
-5.815285
-5.920669
-6.093116
-5.681160
-5.479972
-5.767383
-5.901508
-5.585356
-5.441651
-5.623678
-6.073955
-5.661999
-5.604517
-6.811644
-7.242761
-7.079894
-6.255982
-5.259624
-5.288365
-6.169759
-4.972212
-3.678863
-4.924311
-5.010534
-4.684802
-5.518294
-5.652419
-5.719481
-5.872767
-5.451231
-5.872767
-7.175698
-7.290662
-5.872767
-5.202141
-4.397390
-4.885989
-6.591295
-6.648777
-5.939830
-5.479972
-4.905150
-5.000954
-6.399688
-6.562554
-6.514652
-6.859546
-6.533813
-6.495492
-5.374588
-4.723123
-5.412910
-4.991373
-5.776964
-6.390108
-5.441651
-4.138720
-3.286067
-3.142362
-2.826210
-3.669282
-4.914730
-5.259624
-5.163820
-5.240463
-5.776964
-6.026053
-5.642838
-5.345847
-5.700321
-6.236822
-5.863187
-5.690741
-5.987732
-6.610456
-7.156537
-6.294304
-6.016473
-6.869126
-5.671580
-3.880050
-4.282426
-5.575776
-6.543393
-6.993671
-6.227241
-4.751864
-4.809346
-5.202141
-4.521935
-4.818927
-5.824865
-5.432070
-5.250043
-5.661999
-4.244104
-2.845370
-3.056138
-3.650121
-3.918372
-4.790185
-6.179339
-5.230883
-4.042917
-4.962632
-5.891928
-5.834446
-6.667938
-7.539752
-5.978151
-4.885989
-5.115918
-4.598578
-4.119559
-4.023756
-3.477675
-3.228585
-4.224944
-4.809346
-4.579417
-4.857248
-5.230883
-5.518294
-5.412910
-5.240463
-5.767383
-6.026053
-5.891928
-5.958991
-6.227241
-6.476331
-6.102696
-5.556615
-5.796124
-5.786544
-5.776964
-5.652419
-4.981793
-4.052497
-4.359069
-5.365008
-5.585356
-6.303884
-5.163820
-3.525577
-4.483613
-5.288365
-5.547035
-6.782903
-7.846324
-6.984090
-6.093116
-6.543393
-6.744581
-5.863187
-4.953052
-5.269204
-4.675221
-4.895570
-6.227241
-5.374588
-4.359069
-5.115918
-5.221302
-5.029695
-5.681160
-6.591295
-6.897867
-6.303884
-6.390108
-6.064375
-5.163820
-4.751864
-4.196202
-3.688443
-4.062078
-4.857248
-4.368649
-4.378230
-5.987732
-6.610456
-6.294304
-6.016473
-5.891928
-5.834446
-6.045214
-6.026053
-5.776964
-6.026053
-6.016473
-6.016473
-5.393749
-5.479972
-6.620036
-7.281082
-7.338564
-7.127796
-6.409268
-4.838088
-4.847668
-5.470392
-4.895570
-5.489552
-7.491850
-7.932547
-6.294304
-5.527874
-6.150598
-6.323045
-5.537455
-5.547035
-5.671580
-4.866828
-5.106338
-5.958991
-5.000954
-4.799766
-6.303884
-6.639197
-6.179339
-5.096757
-5.585356
-6.552974
-6.265563
-6.255982
-6.984090
-6.217661
-5.250043
-5.288365
-4.809346
-4.339908
-4.244104
-4.445292
-5.278784
-5.547035
-5.173400
-4.761445
-4.684802
-5.891928
-7.673877
-8.267860
-7.424788
-6.792483
-6.380527
-6.054794
-6.035634
-6.265563
-6.255982
-6.246402
-6.121857
-6.179339
-6.208080
-5.978151
-6.370947
-6.294304
-6.016473
-7.491850
-7.683457
-5.182981
-4.397390
-5.384169
-5.096757
-4.474033
-5.422490
-5.853607
-5.566195
-5.556615
-5.920669
-6.830804
-6.888287
-6.169759
-6.083536
-6.533813
-6.131437
-5.690741
-5.738642
-6.255982
-5.757803
-5.278784
-5.796124
-5.288365
-5.307526
-5.556615
-5.547035
-6.782903
-7.472689
-6.447590
-5.470392
-5.882348
-6.323045
-6.399688
-6.438009
-5.470392
-4.771025
-4.081238
-3.880050
-4.406971
-4.397390
-4.885989
-6.227241
-6.725420
-5.968571
-5.623678
-5.585356
-5.566195
-5.681160
-5.365008
-5.336267
-5.690741
-5.614098
-5.824865
-6.045214
-4.914730
-4.761445
-5.671580
-5.853607
-5.566195
-5.307526
-5.556615
-5.432070
-4.991373
-5.039275
-5.930250
-6.591295
-6.150598
-5.336267
-5.202141
-5.872767
-5.451231
-5.508713
-6.390108
-6.064375
-6.035634
-5.652419
-4.857248
-5.345847
-6.438009
-6.208080
-5.365008
-6.198500
-7.568493
-6.984090
-6.706260
-7.693038
-7.779261
-6.581715
-6.026053
-6.505072
-5.135079
-4.119559
-4.272845
-4.215363
-3.937532
-3.324389
-3.650121
-4.665641
-6.361366
-7.530171
-7.338564
-6.505072
-6.112277
-6.303884
-6.150598
-5.824865
-5.930250
-6.342206
-6.035634
-5.527874
-5.537455
-5.786544
-6.035634
-5.901508
-5.345847
-5.939830
-6.591295
-6.409268
-6.562554
-6.390108
-5.441651
-5.499133
-5.527874
-5.173400
-5.987732
-5.997312
-5.872767
-6.562554
-6.763742
-6.725420
-7.578074
-7.597234
-6.505072
-5.623678
-5.585356
-5.192561
-3.784246
-3.860889
-4.148301
-3.544737
-3.630961
-4.771025
-5.432070
-5.738642
-5.872767
-4.962632
-5.891928
-8.057092
-7.089475
-5.278784
-5.173400
-5.499133
-6.016473
-6.505072
-5.499133
-4.541096
-5.077597
-4.713542
-4.790185
-4.579417
-4.359069
-5.978151
-6.610456
-6.169759
-5.834446
-5.690741
-5.738642
-5.757803
-5.891928
-5.958991
-5.863187
-5.700321
-5.863187
-5.451231
-5.135079
-6.217661
-6.849965
-6.648777
-6.802063
-6.380527
-5.077597
-4.962632
-4.780605
-3.956693
-4.196202
-3.927952
-3.439353
-3.947113
-4.924311
-4.885989
-4.876409
-5.604517
-5.202141
-5.269204
-5.412910
-5.365008
-5.460812
-4.397390
-4.885989
-5.978151
-5.872767
-6.073955
-5.671580
-5.479972
-6.505072
-7.472689
-7.549332
-7.214019
-6.821224
-6.629617
-6.917028
-6.438009
-5.958991
-6.227241
-5.614098
-5.949410
-5.729062
-3.544737
-3.257326
-4.109979
-4.263265
-4.703962
-5.403329
-5.844026
-5.939830
-5.853607
-6.064375
-6.399688
-6.064375
-5.661999
-5.729062
-5.882348
-6.198500
-5.479972
-4.905150
-5.489552
-5.891928
-4.972212
-3.793827
-3.506416
-3.238165
-4.224944
-4.435712
-4.292006
-5.211722
-5.144659
-4.866828
-4.857248
-5.594937
-6.188920
-5.968571
-6.112277
-7.539752
-8.200797
-6.907447
-6.303884
-5.776964
-5.163820
-5.863187
-5.939830
-5.230883
-5.278784
-4.924311
-4.397390
-3.650121
-3.678863
-5.422490
-6.351786
-6.409268
-6.073955
-6.160179
-6.198500
-5.230883
-5.154240
-4.991373
-5.412910
-6.227241
-5.499133
-5.154240
-5.240463
-5.403329
-5.729062
-5.633258
-5.470392
-5.508713
-5.403329
-5.604517
-6.064375
-6.035634
-5.652419
-5.470392
-5.882348
-6.438009
-5.834446
-5.930250
-7.079894
-7.501431
-6.830804
-5.901508
-5.709901
-5.623678
-6.198500
-6.102696
-5.556615
-5.796124
-5.297945
-5.432070
-5.374588
-4.234524
-4.694382
-4.905150
-5.000954
-6.026053
-5.154240
-4.751864
-5.297945
-4.445292
-4.541096
-5.077597
-4.579417
-4.359069
-4.617739
-5.240463
-5.901508
-4.972212
-3.918372
-4.665641
-5.748222
-5.518294
-5.527874
-5.537455
-5.671580
-6.342206
-6.160179
-5.958991
-6.361366
-6.907447
-6.677518
-4.723123
-3.688443
-4.560256
-5.087177
-5.460812
-5.384169
-5.345847
-5.202141
-5.384169
-6.083536
-5.920669
-5.345847
-5.451231
-5.748222
-6.016473
-5.518294
-4.914730
-5.748222
-6.141018
-5.326686
-5.202141
-5.259624
-3.937532
-4.426131
-5.633258
-4.972212
-5.154240
-4.378230
-3.036978
-3.515996
-4.598578
-5.844026
-6.802063
-6.495492
-6.236822
-7.223600
-7.060733
-5.757803
-5.278784
-4.684802
-4.656060
-5.000954
-4.550676
-4.598578
-5.106338
-4.608159
-3.880050
-5.020114
-6.409268
-6.687099
-7.185278
-8.401985
-7.990029
-6.926608
-6.687099
-6.083536
-4.809346
-4.464453
-4.799766
-4.215363
-4.186622
-4.541096
-4.215363
-3.698023
-4.196202
-5.039275
-5.432070
-5.374588
-5.460812
-5.508713
-5.278784
-5.422490
-5.489552
-5.518294
0.000000
0.000000
0.000000
0.000000
0.000000
0.000000
0.000000
0.000000
0.000000
0.000000
0.000000
0.000000
0.000000
0.000000
0.000000
0.000000
0.000000
0.000000
0.000000
0.000000
0.000000
0.000000
0.000000
0.000000
0.000000
0.000000
0.000000
0.000000
0.000000
0.000000
0.000000
0.000000
0.000000
0.000000
0.000000
0.000000
0.000000
0.000000
0.000000
0.000000
