0.689787
0.689787
0.565242
0.383215
0.296991
0.258670
0.239509
0.603563
0.641885
0.172447
0.316152
0.756849
0.843073
0.756849
0.718528
0.584403
0.641885
0.785590
0.613144
0.651465
0.670626
0.555661
0.622724
0.785590
0.728108
0.584403
0.756849
0.718528
0.459858
0.459858
0.584403
0.756849
0.718528
0.584403
0.517340
0.479019
0.469438
0.335313
0.526920
0.737689
0.833492
0.871814
0.776010
0.852653
0.890975
1.025100
0.967617
0.689787
0.689787
0.565242
0.258670
0.364054
0.536501
0.373634
0.661046
0.546081
0.134125
0.306572
0.507760
0.479019
1.082582
1.111323
0.392795
1.408315
1.513699
1.312511
1.839431
1.101743
1.369993
1.858592
1.973556
2.395093
1.849012
1.350832
1.484957
0.814332
0.373634
0.910135
0.910135
0.296991
-0.603563
-0.900555
0.795171
1.963976
1.532859
0.708947
0.574822
1.369993
0.756849
-1.245448
-1.695726
-1.044260
-0.986778
-1.695726
-2.031039
-1.322091
0.114964
0.785590
0.239509
0.843073
0.881394
0.287411
1.235868
2.299289
2.663343
2.960335
2.241807
2.395093
2.222646
1.159225
0.910135
0.785590
0.852653
0.766430
0.843073
1.005939
0.958037
0.565242
0.507760
0.728108
1.073002
0.986778
1.073002
1.360413
1.245448
1.925655
1.877753
1.858592
1.226287
0.086223
1.015519
0.593983
-0.584403
-0.890975
-1.159225
-0.421536
-0.574822
-1.619083
-0.766430
0.373634
0.661046
0.670626
0.191607
-0.287411
1.216707
2.768727
1.532859
0.469438
-0.641885
0.191607
2.299289
2.174744
0.890975
0.411956
0.431117
0.689787
0.689787
-0.661046
-0.316152
0.220349
0.095804
0.162866
-0.785590
0.613144
2.002298
1.053841
0.000000
0.000000
1.590342
2.088521
1.590342
1.350832
1.245448
1.063421
1.111323
1.255029
1.073002
1.111323
1.255029
1.197546
1.781949
1.197546
0.067063
0.641885
0.910135
-0.565242
-0.143706
1.159225
0.910135
1.283770
0.843073
-0.469438
0.143706
0.919716
0.421536
0.565242
-0.603563
-0.776010
0.613144
0.776010
0.603563
0.890975
1.513699
1.322091
1.724467
2.155583
1.858592
1.849012
1.714886
2.031039
2.663343
2.098101
0.728108
0.584403
0.517340
-0.134125
-0.067063
-0.038321
0.220349
0.833492
0.507760
0.479019
-0.268250
0.114964
1.647824
1.130484
-0.584403
-0.890975
0.565242
0.996359
0.708947
0.450277
0.699367
0.938876
0.680206
0.440697
0.574822
0.756849
0.718528
0.574822
1.619083
2.596281
2.557959
1.801110
1.082582
1.484957
1.427475
1.523279
2.059780
1.695726
1.896913
2.107682
1.599922
0.986778
-0.028741
0.229929
-0.268250
-1.963976
-1.417895
-0.546081
-0.383215
0.057482
-0.344893
-0.411956
1.034680
2.442995
2.241807
2.146003
1.245448
-0.776010
-0.488599
0.258670
0.114964
-0.804751
-2.222646
-2.270548
-1.187966
-0.565242
-0.756849
-1.101743
-0.766430
1.724467
3.132781
1.954396
1.398734
1.753208
2.165164
2.356771
1.101743
-0.105384
0.440697
0.565242
0.507760
0.728108
0.823912
0.996359
0.958037
0.689787
0.565242
0.632304
2.136423
2.471736
1.025100
0.967617
2.050199
2.797468
2.165164
1.743628
1.053841
0.488599
1.820271
2.807049
1.925655
0.651465
0.182027
0.450277
0.699367
0.440697
0.201188
0.584403
1.005939
0.833492
0.881394
0.900555
1.034680
1.216707
1.178386
1.159225
0.910135
0.546081
0.862233
0.890975
0.900555
0.785590
-0.124545
0.421536
1.053841
0.364054
0.162866
0.565242
0.258670
0.114964
-0.316152
0.335313
1.379573
1.015519
1.082582
0.747269
1.207127
1.791529
1.082582
0.871814
0.776010
0.479019
0.469438
0.708947
0.814332
0.747269
0.833492
1.005939
1.695726
1.647824
1.379573
1.992717
1.293350
-0.622724
-0.910135
0.919716
1.657404
1.628663
1.619083
0.756849
0.718528
0.699367
-0.047902
-0.028741
-0.996359
-1.207127
0.287411
0.009580
-0.364054
0.440697
-0.047902
0.095804
2.739986
3.736345
2.356771
0.977198
0.938876
2.031039
1.925655
0.776010
-0.383215
-0.795171
-0.258670
-0.373634
0.306572
1.983137
1.044260
-1.111323
-0.890975
0.440697
0.938876
1.293350
1.580761
1.839431
1.350832
1.235868
1.561600
1.092162
0.756849
0.469438
0.459858
0.459858
0.335313
0.277831
0.498179
0.593983
0.641885
0.670626
1.044260
1.226287
1.801110
2.069360
1.944815
2.625022
2.078940
1.216707
0.565242
0.383215
1.772369
3.036978
2.146003
0.507760
0.229929
0.469438
0.833492
0.756849
-0.143706
0.296991
0.996359
0.584403
0.756849
0.967617
0.938876
0.191607
-0.162866
0.536501
0.373634
-0.565242
-0.641885
0.431117
0.565242
-0.105384
-0.795171
-0.871814
-0.162866
0.411956
-0.057482
-1.140064
-1.149644
1.178386
2.270548
1.427475
1.149644
1.025100
1.216707
1.916074
1.868172
1.111323
1.005939
0.843073
0.517340
0.479019
0.344893
0.402376
0.680206
0.565242
0.383215
0.546081
1.849012
1.839431
0.977198
1.810690
1.207127
-1.159225
-1.034680
1.101743
1.494538
1.187966
1.044260
0.613144
0.776010
0.852653
0.028741
-0.977198
-1.810690
-0.852653
-0.038321
-0.881394
-1.159225
-0.057482
0.948457
1.302930
1.216707
0.191607
0.699367
0.814332
0.249090
1.341252
1.599922
0.622724
0.162866
0.814332
0.134125
-0.680206
0.536501
0.613144
-0.574822
-0.392795
0.172447
1.302930
2.203485
1.762788
1.925655
2.002298
1.293350
0.229929
0.229929
0.593983
0.402376
0.431117
0.440697
0.450277
0.450277
0.335313
0.402376
0.555661
0.747269
0.958037
1.916074
2.126842
1.599922
1.599922
1.849012
1.599922
0.747269
0.469438
0.095804
0.651465
0.910135
-0.316152
-0.277831
0.114964
-0.440697
0.153286
0.555661
0.996359
0.823912
-0.354474
-0.296991
0.469438
0.335313
0.526920
2.078940
1.829851
1.465797
1.542440
0.967617
2.414253
2.720825
0.402376
-0.680206
-0.565242
-0.268250
-0.134125
-1.293350
-2.088521
-1.714886
-0.689787
0.287411
0.871814
1.264609
1.820271
2.193905
2.126842
2.337610
1.705306
0.306572
-0.354474
-0.172447
0.162866
0.316152
0.507760
0.967617
1.063421
0.986778
0.823912
0.632304
0.411956
1.168805
1.159225
1.025100
1.341252
1.734047
3.142362
2.816629
1.437056
1.034680
0.603563
0.766430
1.954396
1.762788
0.450277
0.450277
1.676565
1.513699
-0.526920
-0.986778
0.756849
1.695726
1.159225
0.900555
1.523279
2.433414
1.743628
1.427475
1.647824
1.628663
2.596281
1.944815
1.025100
0.603563
0.277831
0.249090
-0.134125
-0.067063
0.948457
1.542440
2.308869
3.286067
2.759147
1.772369
2.299289
2.548379
2.414253
2.232226
1.781949
2.174744
1.877753
1.245448
0.574822
0.143706
0.191607
0.574822
1.005939
0.958037
0.689787
0.440697
0.325733
1.130484
0.526920
0.000000
1.590342
1.599922
0.124545
0.182027
1.801110
2.069360
0.843073
-0.469438
-0.229929
1.120903
1.005939
0.344893
0.277831
-0.239509
-0.488599
-0.479019
0.258670
0.728108
-0.153286
0.172447
0.565242
-0.354474
0.565242
2.098101
2.203485
2.874111
2.816629
1.552020
-0.507760
-0.613144
1.178386
1.283770
0.354474
-1.187966
-1.417895
0.191607
1.063421
0.862233
0.890975
1.274189
1.082582
0.258670
0.852653
1.130484
0.277831
0.373634
0.536501
0.498179
0.479019
0.469438
0.335313
0.651465
1.034680
1.216707
1.178386
0.795171
0.862233
2.117262
1.475377
0.316152
1.120903
1.868172
1.973556
0.919716
0.670626
0.919716
-0.057482
-0.402376
-0.929296
-0.440697
0.526920
-0.488599
-0.114964
-0.306572
-1.983137
-1.417895
-0.421536
0.162866
0.191607
-0.890975
-1.283770
0.134125
0.795171
0.124545
0.910135
1.408315
-0.823912
-2.356771
-1.714886
-1.302930
-1.963976
-2.768727
-2.280128
-0.335313
0.459858
-1.389154
-2.864531
-2.078940
1.235868
2.040619
0.708947
0.689787
1.053841
2.328030
2.433414
0.153286
-0.919716
-0.191607
0.517340
0.728108
0.584403
0.517340
0.603563
0.651465
0.546081
0.498179
0.718528
1.561600
1.341252
0.986778
1.810690
1.695726
0.546081
0.862233
1.992717
1.293350
-0.009580
0.114964
-0.316152
-0.517340
-0.249090
-0.488599
0.498179
-0.019161
-2.098101
-0.986778
1.504118
1.801110
0.958037
0.201188
-0.277831
1.216707
3.142362
1.954396
0.661046
0.555661
0.747269
1.207127
1.417895
1.025100
0.105384
-0.689787
0.038321
1.858592
1.599922
0.134125
0.182027
0.201188
0.948457
1.916074
1.753208
1.791529
2.059780
2.308869
2.299289
2.423834
2.107682
1.590342
1.350832
0.996359
0.459858
0.210768
0.469438
0.708947
0.574822
0.632304
0.661046
1.781949
2.184325
1.504118
1.312511
0.977198
2.299289
3.161522
2.328030
1.820271
1.954396
0.785590
-0.249090
0.488599
0.718528
0.823912
0.871814
-0.210768
0.019161
0.737689
-0.153286
0.047902
0.019161
0.622724
2.002298
1.666985
1.877753
2.835790
2.797468
2.040619
1.810690
1.456216
0.067063
-0.344893
-0.411956
-2.040619
-1.207127
0.536501
0.622724
0.287411
-0.114964
-0.057482
1.446636
2.510057
1.906494
1.743628
0.325733
-2.308869
-2.931593
-1.619083
-0.766430
-0.239509
0.373634
0.661046
0.680206
0.804751
0.747269
0.593983
0.641885
0.546081
0.622724
2.251387
2.644182
1.724467
1.657404
1.264609
1.322091
1.599922
1.973556
1.781949
1.322091
2.088521
1.714886
0.057482
-0.958037
-0.574822
0.344893
-0.459858
-1.695726
-1.896913
-1.389154
-0.651465
-0.316152
0.459858
1.312511
1.475377
1.053841
1.101743
1.005939
-0.641885
-2.883692
-2.950754
-0.890975
-0.421536
-0.938876
-0.938876
-0.689787
0.402376
1.168805
0.910135
0.795171
0.862233
0.641885
0.421536
1.542440
1.580761
0.613144
2.002298
3.017817
1.532859
0.095804
0.162866
0.689787
0.804751
0.747269
0.708947
0.699367
0.814332
0.747269
0.593983
0.517340
1.216707
0.938876
1.168805
2.260967
2.768727
3.257326
2.625022
1.839431
1.101743
1.005939
1.935235
2.375932
1.226287
0.325733
0.277831
0.862233
1.379573
1.868172
1.724467
0.804751
0.737689
0.344893
1.015519
2.682504
2.481316
1.887333
1.494538
0.450277
-0.038321
1.456216
2.155583
1.120903
-0.095804
-1.149644
-0.057482
0.708947
-0.162866
-0.938876
0.047902
1.619083
2.098101
1.590342
0.249090
0.728108
1.312511
1.101743
2.232226
2.146003
0.996359
0.708947
0.325733
0.392795
0.670626
0.680206
0.929296
1.168805
1.283770
1.082582
0.747269
0.718528
1.925655
2.002298
1.178386
1.532859
2.184325
2.615441
2.318450
3.046558
2.653763
1.475377
2.040619
1.925655
0.900555
0.162866
-0.785590
-1.111323
-0.038321
0.105384
-1.063421
-0.871814
0.076643
-0.086223
0.450277
1.187966
1.168805
0.296991
0.134125
0.670626
0.306572
-0.967617
-2.174744
-1.513699
-0.833492
-0.890975
-0.910135
-1.293350
-0.613144
0.325733
0.153286
0.680206
0.929296
0.431117
0.938876
2.280128
2.538798
2.529218
2.529218
1.666985
0.900555
0.421536
0.440697
0.814332
0.747269
0.593983
0.766430
0.967617
0.689787
0.440697
0.699367
0.938876
2.031039
1.561600
0.479019
1.082582
1.609502
1.360413
0.996359
2.059780
1.580761
0.977198
2.414253
1.983137
1.542440
1.331672
-0.124545
0.182027
0.201188
-1.379573
-1.504118
0.028741
0.986778
-0.153286
-1.053841
-0.622724
1.178386
2.146003
0.632304
0.047902
-0.354474
-1.025100
-1.341252
-0.507760
0.737689
0.584403
0.881394
1.025100
0.718528
-0.038321
-0.019161
0.728108
0.459858
-0.028741
-0.632304
0.555661
1.484957
0.325733
0.143706
0.182027
0.823912
1.484957
1.063421
1.101743
0.881394
0.411956
0.431117
0.814332
0.747269
0.344893
-0.086223
0.201188
2.174744
2.739986
2.510057
2.395093
1.858592
2.826210
3.036978
1.542440
0.220349
-0.143706
0.536501
1.963976
1.896913
1.005939
1.695726
2.385512
1.360413
1.120903
1.868172
1.360413
1.734047
1.791529
0.220349
-0.268250
0.852653
1.255029
0.584403
1.130484
2.366352
2.213066
0.900555
0.910135
0.546081
0.124545
0.296991
-0.354474
-0.172447
0.402376
-0.546081
-0.009580
1.829851
2.078940
1.580761
1.714886
2.146003
1.734047
1.417895
0.785590
-0.373634
-0.306572
0.220349
0.344893
0.651465
0.670626
0.929296
1.044260
0.977198
0.823912
0.747269
0.958037
1.676565
2.002298
1.791529
1.935235
1.762788
2.050199
1.935235
0.900555
-0.689787
-0.938876
1.025100
1.954396
1.274189
0.469438
0.948457
0.689787
0.067063
0.402376
0.057482
-0.095804
-0.421536
-0.565242
0.708947
1.427475
0.785590
0.239509
0.718528
1.925655
1.015519
-1.245448
-1.197546
-0.325733
-0.402376
-0.929296
-1.542440
-1.216707
0.038321
0.383215
-0.076643
-0.038321
0.469438
1.561600
1.341252
0.747269
0.843073
0.881394
1.513699
1.446636
0.057482
-0.593983
-0.038321
0.220349
0.229929
0.344893
0.526920
0.862233
0.890975
0.661046
0.555661
0.507760
1.954396
1.896913
1.379573
1.992717
1.293350
1.580761
1.963976
1.283770
0.718528
0.210768
0.833492
2.471736
2.749567
1.896913
1.868172
1.360413
0.507760
0.479019
0.095804
0.536501
1.590342
1.350832
1.245448
1.676565
1.149644
0.776010
0.479019
0.344893
1.379573
0.641885
-1.178386
-0.431117
0.536501
-0.862233
-1.264609
-1.092162
-0.881394
0.076643
-0.823912
-0.632304
0.440697
0.689787
1.916074
2.739986
2.625022
1.963976
1.034680
1.216707
2.289709
2.289709
1.312511
0.852653
1.005939
1.082582
1.111323
1.255029
0.948457
0.565242
0.143706
0.182027
1.552020
2.078940
1.580761
1.590342
1.599922
2.337610
2.318450
1.446636
1.657404
1.628663
2.232226
3.008236
1.887333
1.245448
1.437056
1.159225
1.149644
1.274189
0.958037
0.440697
0.814332
1.111323
0.277831
0.862233
2.117262
1.973556
1.408315
1.025100
0.354474
0.162866
-0.172447
-0.574822
0.958037
0.191607
-2.251387
-1.791529
0.019161
1.111323
1.005939
0.958037
0.938876
1.666985
1.389154
0.277831
0.622724
0.411956
-1.044260
-0.986778
0.153286
-0.182027
-0.210768
0.143706
0.555661
0.871814
0.651465
0.421536
0.689787
0.814332
0.747269
0.958037
2.289709
2.787888
2.404673
1.849012
-0.124545
0.191607
1.561600
1.705306
1.408315
0.536501
-0.488599
-1.092162
-0.766430
-0.488599
-0.728108
-0.344893
0.201188
-0.153286
-0.814332
-0.383215
0.670626
0.929296
0.919716
0.795171
1.475377
2.040619
1.437056
1.896913
2.605861
1.331672
-0.114964
-0.555661
-0.632304
-1.408315
-0.910135
-0.182027
-0.584403
0.708947
0.689787
-0.421536
-0.325733
1.073002
2.098101
1.714886
1.896913
1.494538
-0.411956
-1.053841
0.613144
1.513699
1.197546
1.293350
1.092162
0.632304
0.785590
1.101743
1.005939
0.708947
0.325733
0.392795
1.408315
1.638243
1.619083
1.858592
1.475377
1.666985
1.638243
0.756849
0.469438
0.584403
0.392795
1.044260
1.216707
0.191607
0.210768
1.073002
0.747269
0.469438
1.073002
1.609502
1.724467
1.542440
2.193905
2.002298
1.427475
1.274189
0.469438
0.459858
1.561600
1.580761
0.737689
1.082582
0.871814
0.153286
0.565242
1.120903
0.517340
-0.009580
-0.134125
0.795171
2.701665
3.104040
2.797468
2.280128
1.427475
1.034680
1.580761
1.475377
0.191607
-0.162866
0.411956
0.555661
0.383215
0.421536
0.689787
0.689787
0.565242
0.632304
0.536501
0.373634
1.772369
3.036978
2.883692
2.078940
1.695726
2.759147
2.883692
1.839431
1.714886
1.896913
1.255029
1.073002
0.862233
0.402376
-0.182027
-0.459858
-1.073002
-0.756849
0.383215
0.546081
0.986778
0.948457
0.076643
0.766430
1.829851
1.590342
1.226287
0.450277
-0.900555
-0.296991
0.958037
0.689787
0.191607
-0.776010
0.000000
1.341252
0.996359
0.584403
1.494538
1.801110
1.695726
1.523279
0.344893
0.402376
1.168805
1.274189
1.571181
0.977198
1.561600
2.318450
0.958037
0.325733
0.517340
0.852653
0.766430
0.479019
0.469438
0.335313
0.277831
0.737689
2.184325
1.877753
0.143706
0.306572
0.756849
0.593983
0.766430
1.829851
2.203485
2.126842
3.075299
2.538798
0.814332
-0.364054
-0.296991
0.105384
-0.938876
-2.778308
-2.653763
-0.871814
0.201188
0.086223
0.526920
1.465797
1.906494
1.130484
0.766430
1.580761
0.613144
-1.197546
-1.676565
-0.421536
0.536501
0.124545
0.057482
0.756849
0.593983
-0.335313
-0.651465
0.182027
1.427475
2.011878
1.427475
1.274189
0.958037
-0.047902
0.833492
1.858592
1.599922
0.986778
0.584403
0.881394
0.776010
0.488599
0.593983
0.641885
0.546081
0.622724
0.776010
0.852653
1.868172
2.222646
2.260967
2.280128
1.801110
2.433414
2.605861
2.069360
2.557959
2.548379
0.699367
-0.785590
-0.613144
-0.172447
-1.063421
-0.871814
-0.162866
-0.450277
-0.833492
0.095804
1.140064
1.025100
1.580761
1.839431
1.101743
0.996359
0.584403
0.632304
1.398734
0.766430
0.105384
0.287411
0.009580
-1.475377
-0.938876
0.162866
-0.047902
0.584403
1.868172
1.973556
1.408315
2.500477
2.146003
1.494538
2.663343
2.347191
1.580761
0.613144
-0.086223
0.325733
0.641885
0.910135
1.034680
0.967617
0.699367
0.689787
0.814332
0.747269
0.833492
0.756849
1.092162
0.632304
0.287411
0.498179
0.354474
0.526920
0.737689
1.935235
2.251387
1.666985
1.389154
0.890975
1.149644
1.025100
-0.019161
0.852653
1.005939
-1.130484
-0.900555
0.306572
0.632304
1.034680
-0.134125
-1.293350
0.249090
1.465797
0.929296
0.804751
0.373634
-0.325733
0.335313
0.766430
0.967617
0.814332
-0.239509
-0.364054
1.178386
1.896913
1.005939
-0.143706
-0.689787
0.785590
2.328030
2.672924
2.232226
1.896913
1.494538
1.552020
1.580761
0.986778
0.699367
0.689787
0.814332
0.747269
0.833492
0.756849
0.593983
0.766430
0.843073
0.756849
1.954396
2.749567
2.759147
2.883692
2.078940
2.692084
2.854951
1.331672
0.862233
0.766430
1.092162
2.960335
3.228585
1.753208
1.676565
0.776010
-0.009580
1.216707
1.427475
0.047902
-0.229929
0.258670
0.239509
1.216707
2.289709
1.925655
1.140064
0.402376
0.067063
0.641885
0.910135
0.057482
0.019161
-0.613144
-0.661046
1.283770
1.082582
0.383215
0.546081
1.235868
2.165164
2.241807
1.657404
2.126842
2.586700
1.944815
2.500477
2.270548
1.666985
1.638243
1.005939
0.833492
0.881394
0.776010
0.728108
0.833492
0.871814
0.651465
0.182027
0.201188
1.197546
0.431117
-0.421536
1.025100
0.843073
-0.833492
-0.153286
1.887333
1.983137
1.657404
1.264609
-0.268250
0.114964
0.411956
-0.057482
0.823912
1.484957
1.302930
-0.009580
-0.009580
1.101743
1.005939
1.820271
2.567539
1.686145
0.536501
1.111323
1.130484
0.038321
0.622724
0.651465
-0.067063
-0.287411
-0.756849
-0.229929
0.871814
0.277831
0.124545
0.057482
-1.082582
-1.245448
0.881394
2.864531
2.807049
1.916074
0.402376
1.044260
2.452575
1.628663
0.392795
0.182027
0.689787
1.053841
1.101743
1.005939
0.833492
0.632304
0.661046
0.795171
0.986778
1.686145
1.638243
1.504118
2.050199
1.446636
0.670626
0.191607
1.187966
2.021458
1.437056
1.772369
1.073002
0.373634
0.172447
-0.536501
-0.383215
0.431117
0.201188
-0.526920
-0.622724
-0.661046
-0.689787
0.536501
2.462155
2.989076
2.002298
0.191607
-0.277831
-0.009580
-0.622724
-1.523279
-1.331672
-0.871814
-0.172447
0.526920
0.239509
-0.258670
-0.862233
-1.513699
-0.344893
1.801110
2.184325
1.264609
0.708947
0.450277
-0.402376
-0.316152
-0.153286
-0.689787
-0.201188
0.268250
0.124545
0.047902
0.143706
0.431117
0.201188
0.335313
0.766430
0.603563
0.402376
1.781949
2.423834
1.005939
0.584403
1.255029
1.686145
1.523279
2.184325
2.854951
2.433414
2.854951
2.433414
1.628663
1.245448
0.574822
1.369993
1.130484
0.028741
0.498179
0.843073
1.005939
1.082582
-0.354474
-1.025100
0.862233
1.255029
-0.517340
-0.613144
0.201188
1.686145
2.874111
1.580761
1.226287
1.427475
0.421536
0.440697
1.063421
0.986778
-0.038321
-0.507760
-0.737689
0.392795
2.759147
2.998656
2.260967
1.916074
0.890975
-0.325733
0.086223
0.776010
0.852653
1.130484
1.264609
0.958037
0.565242
0.507760
0.852653
0.756849
0.593983
0.890975
1.762788
1.686145
1.274189
1.695726
1.896913
1.369993
0.881394
2.251387
1.916074
1.130484
2.615441
2.203485
0.287411
-0.852653
-0.766430
-0.364054
-0.057482
0.584403
0.641885
0.296991
-0.354474
-1.398734
-0.785590
1.101743
1.120903
0.402376
1.044260
1.590342
1.111323
1.005939
0.708947
0.325733
0.517340
0.239509
0.479019
0.708947
0.086223
-0.584403
-0.402376
0.670626
0.795171
-0.364054
-0.670626
0.785590
1.714886
1.044260
1.341252
1.734047
0.929296
0.306572
0.143706
0.555661
0.986778
1.073002
0.747269
0.593983
0.766430
0.843073
0.881394
0.900555
1.647824
2.117262
2.462155
2.615441
2.442995
3.104040
2.557959
1.187966
0.431117
-0.296991
0.593983
1.628663
1.005939
0.708947
0.450277
-0.776010
-1.839431
-0.249090
1.475377
1.053841
0.737689
0.344893
0.890975
2.136423
1.973556
1.293350
1.341252
1.599922
1.484957
0.814332
0.134125
0.421536
0.804751
0.124545
0.546081
1.484957
0.814332
0.124545
-0.191607
-0.344893
-0.287411
-0.756849
-0.967617
0.766430
1.829851
0.728108
1.197546
1.781949
1.446636
1.408315
0.776010
0.852653
1.015519
0.843073
0.632304
0.661046
0.670626
0.440697
0.689787
0.814332
1.973556
2.146003
1.005939
0.958037
1.302930
1.101743
1.005939
1.820271
1.456216
1.532859
2.184325
1.389154
0.392795
-0.555661
-0.632304
0.191607
-0.526920
-2.213066
-1.159225
0.804751
0.747269
0.344893
-0.086223
0.689787
2.280128
1.801110
0.593983
0.517340
-0.009580
0.852653
2.356771
1.590342
0.862233
0.153286
-1.159225
-0.421536
1.513699
1.437056
0.546081
1.609502
2.222646
0.910135
0.910135
1.896913
1.983137
1.906494
1.628663
0.756849
1.207127
1.791529
0.958037
0.565242
0.632304
0.661046
0.795171
0.488599
0.344893
0.651465
0.795171
0.977198
2.299289
2.059780
1.082582
1.484957
0.565242
-0.479019
0.383215
1.887333
1.858592
1.484957
1.302930
1.216707
1.427475
1.159225
0.172447
0.076643
0.766430
0.354474
0.411956
1.293350
1.456216
0.795171
1.724467
2.644182
1.599922
-0.114964
-0.546081
-0.009580
0.728108
0.699367
-0.536501
0.114964
0.785590
0.000000
-0.737689
-1.092162
-0.268250
0.603563
0.402376
-0.182027
-0.459858
-0.708947
-0.459858
1.379573
1.992717
1.781949
1.695726
0.421536
0.440697
1.063421
0.862233
0.766430
0.479019
0.469438
0.095804
-0.201188
0.268250
0.613144
0.900555
1.149644
2.375932
2.088521
0.239509
0.354474
1.140064
0.900555
0.411956
1.168805
1.034680
1.092162
0.632304
-0.814332
-0.392795
-0.067063
-0.900555
-0.919716
-1.168805
-0.919716
0.795171
0.737689
0.459858
0.823912
0.019161
0.498179
1.820271
1.580761
2.452575
2.989076
1.762788
1.801110
1.571181
0.488599
-0.143706
-0.191607
0.153286
-0.057482
-1.504118
-1.571181
-0.249090
0.373634
1.398734
1.628663
1.619083
1.734047
1.417895
1.398734
1.753208
1.801110
1.322091
0.986778
0.823912
0.632304
0.536501
0.373634
0.172447
-0.047902
-0.153286
0.172447
0.565242
0.871814
1.389154
1.504118
1.561600
1.829851
1.714886
0.919716
0.057482
0.756849
1.207127
0.804751
0.009580
-0.249090
1.350832
1.858592
0.249090
-0.871814
-1.887333
-1.140064
1.063421
0.986778
0.584403
1.005939
1.082582
1.484957
1.427475
-0.076643
-0.038321
0.593983
0.517340
0.479019
-0.756849
-0.354474
0.929296
0.191607
-0.900555
-1.159225
-0.057482
0.210768
-0.890975
-1.159225
-0.795171
0.479019
1.073002
0.009580
0.613144
1.753208
0.938876
0.680206
1.542440
1.580761
0.977198
0.823912
0.747269
0.593983
0.517340
0.613144
0.890975
0.910135
0.785590
0.488599
1.456216
1.044260
-0.373634
0.555661
0.996359
-0.153286
0.296991
1.360413
1.120903
0.890975
0.536501
0.249090
0.354474
0.287411
-0.114964
0.431117
-0.172447
-1.925655
-1.274189
-0.354474
-0.172447
0.287411
-0.364054
-0.661046
1.034680
1.705306
0.919716
0.670626
0.680206
1.168805
0.785590
-0.249090
-1.350832
-0.881394
0.076643
0.517340
0.364054
-0.450277
-0.708947
-0.958037
-0.574822
1.322091
1.839431
1.226287
1.552020
1.092162
1.734047
2.404673
0.632304
-0.440697
0.277831
0.373634
0.172447
0.325733
0.392795
0.306572
0.383215
0.795171
0.977198
0.948457
1.791529
2.308869
2.922013
3.448934
2.960335
3.343549
3.036978
1.781949
0.708947
0.086223
1.140064
2.002298
1.427475
0.661046
0.795171
0.986778
0.823912
1.235868
0.325733
-0.584403
-0.153286
-0.689787
-0.086223
1.552020
1.829851
0.977198
-0.287411
-1.484957
-1.561600
0.373634
0.910135
0.421536
0.804751
-0.114964
-2.146003
-1.619083
-0.268250
-0.009580
0.239509
0.718528
0.823912
1.484957
2.165164
1.379573
1.494538
1.312511
-0.498179
-0.977198
-0.220349
-0.354474
-0.047902
0.584403
0.756849
0.843073
1.005939
0.593983
0.268250
0.373634
0.536501
0.862233
1.379573
1.015519
0.220349
0.469438
0.948457
1.427475
1.034680
1.216707
1.916074
2.490896
2.510057
1.417895
1.398734
1.140064
-0.086223
-0.785590
-1.226287
-2.050199
-0.833492
0.220349
-0.143706
0.172447
0.565242
0.383215
0.785590
1.714886
2.146003
1.609502
0.507760
0.114964
0.047902
0.507760
-0.134125
-1.657404
-1.025100
1.111323
1.005939
0.708947
1.676565
1.274189
1.322091
3.075299
2.538798
0.689787
0.689787
0.929296
0.555661
0.871814
1.264609
0.459858
-0.028741
0.344893
0.776010
0.603563
0.526920
0.852653
0.766430
0.603563
0.766430
0.967617
1.676565
1.274189
0.833492
1.734047
1.542440
0.718528
0.699367
1.801110
2.193905
1.389154
0.526920
0.977198
2.050199
1.561600
0.603563
0.766430
-0.009580
-0.134125
0.795171
0.124545
0.296991
0.747269
0.718528
1.561600
2.692084
2.117262
0.986778
0.823912
0.871814
2.002298
3.142362
2.078940
1.092162
1.484957
0.938876
0.555661
0.871814
0.402376
-0.431117
-0.325733
-0.038321
1.082582
2.711245
2.739986
2.375932
1.724467
1.044260
1.350832
2.835790
3.036978
2.031039
1.810690
1.207127
0.680206
0.929296
1.168805
1.283770
1.207127
1.053841
0.852653
1.504118
2.050199
1.571181
1.829851
1.465797
0.191607
0.450277
1.925655
2.375932
1.475377
0.680206
-0.421536
-0.076643
0.699367
0.440697
0.325733
-0.593983
-1.628663
-1.628663
-0.766430
0.124545
-0.316152
-1.255029
-0.593983
1.312511
1.590342
0.986778
1.686145
1.762788
2.174744
2.730406
1.274189
0.220349
0.584403
-0.220349
-0.354474
0.201188
-0.038321
0.833492
0.507760
0.229929
1.944815
1.638243
0.517340
0.603563
1.264609
1.322091
1.475377
1.053841
0.124545
0.546081
0.986778
1.073002
0.986778
0.948457
0.565242
0.507760
0.852653
1.005939
1.207127
2.031039
2.174744
2.241807
2.395093
1.609502
2.711245
2.989076
1.638243
0.881394
0.526920
0.862233
1.015519
0.105384
-1.063421
-0.986778
0.756849
0.843073
-1.082582
-0.756849
0.373634
0.546081
0.498179
0.479019
0.833492
-0.105384
-0.546081
1.341252
2.337610
2.069360
0.843073
0.517340
1.954396
2.260967
1.293350
0.229929
-0.383215
0.057482
0.268250
0.000000
0.000000
0.114964
0.536501
0.249090
-0.373634
0.555661
1.599922
1.724467
1.542440
0.718528
0.325733
0.766430
0.843073
0.641885
0.661046
0.795171
0.862233
0.890975
0.900555
0.910135
0.670626
1.417895
2.251387
1.542440
0.843073
0.517340
0.977198
1.801110
1.944815
1.887333
1.494538
1.801110
2.069360
2.193905
2.002298
0.440697
0.814332
0.498179
-1.609502
-0.756849
0.622724
0.776010
0.852653
0.268250
0.862233
2.232226
1.896913
1.868172
2.222646
1.887333
2.481316
2.260967
1.053841
0.114964
-0.316152
-0.153286
0.785590
-0.009580
-1.484957
-0.450277
1.130484
1.628663
1.494538
0.201188
0.335313
1.504118
1.187966
1.781949
1.561600
0.364054
0.162866
0.440697
0.689787
0.814332
0.747269
0.469438
0.220349
0.469438
0.584403
0.143706
0.191607
1.312511
1.341252
0.871814
1.389154
1.628663
1.369993
1.369993
2.356771
2.328030
2.069360
2.797468
1.791529
0.344893
-0.335313
-0.287411
1.216707
0.814332
-1.714886
-2.768727
-1.666985
-0.047902
0.220349
-0.028741
0.229929
0.967617
0.565242
0.134125
0.555661
0.622724
0.785590
0.613144
0.038321
-0.728108
-1.082582
-0.268250
0.852653
0.392795
-0.182027
0.641885
0.661046
0.919716
2.634602
2.577120
1.322091
0.986778
0.459858
1.073002
2.337610
1.456216
0.191607
0.325733
0.881394
0.900555
0.670626
0.431117
0.689787
0.814332
0.498179
0.354474
0.287411
1.484957
2.280128
2.538798
2.538798
1.916074
2.366352
2.078940
1.216707
0.565242
0.134125
1.168805
2.260967
2.040619
1.312511
0.364054
0.536501
0.488599
0.843073
1.130484
0.153286
0.440697
0.076643
0.153286
2.155583
2.969915
1.877753
1.235868
0.938876
0.440697
0.938876
1.168805
0.296991
-0.967617
-2.174744
-1.264609
0.756849
0.469438
0.335313
1.379573
1.743628
2.280128
2.778308
2.155583
1.619083
1.609502
0.871814
1.389154
2.490896
1.772369
0.574822
0.392795
0.795171
0.862233
0.641885
0.421536
0.565242
0.996359
1.073002
0.871814
0.890975
1.887333
2.481316
1.887333
1.494538
1.552020
0.967617
0.699367
1.791529
2.557959
2.289709
2.174744
1.868172
1.849012
1.350832
0.632304
0.287411
-1.092162
-2.356771
-1.475377
0.536501
0.977198
-0.153286
-1.427475
-0.546081
1.705306
1.896913
1.369993
1.494538
0.948457
-0.421536
-1.053841
-0.373634
-0.421536
-0.938876
-0.938876
0.047902
0.632304
0.536501
0.862233
1.264609
1.322091
1.963976
2.883692
3.056138
2.653763
2.098101
1.839431
1.101743
1.245448
1.925655
1.513699
0.948457
0.689787
0.565242
0.383215
0.546081
0.737689
0.469438
0.210768
0.220349
1.082582
1.849012
1.599922
1.360413
1.609502
1.858592
1.350832
1.369993
1.369993
1.494538
2.414253
2.107682
0.977198
0.086223
-0.210768
-0.105384
-0.296991
-1.255029
-2.308869
-0.833492
1.082582
0.996359
1.197546
1.293350
0.728108
0.459858
0.210768
-0.028741
-0.019161
-0.871814
-1.025100
0.249090
1.092162
1.120903
0.028741
-1.092162
-0.766430
0.009580
-0.373634
-0.182027
0.153286
1.293350
3.180683
3.199844
2.471736
2.375932
2.577120
2.797468
2.768727
2.031039
1.187966
0.919716
0.795171
0.498179
0.354474
0.038321
-0.105384
0.067063
0.392795
0.795171
1.963976
2.136423
1.360413
1.245448
1.197546
1.781949
1.686145
0.536501
0.613144
1.140064
1.264609
1.446636
1.283770
1.082582
1.484957
1.916074
1.015519
0.593983
0.766430
0.114964
0.296991
0.498179
-0.747269
0.383215
1.647824
1.628663
1.858592
0.498179
-1.120903
-0.900555
0.316152
0.632304
0.536501
-0.852653
-0.776010
0.737689
0.958037
0.938876
0.929296
0.795171
0.613144
-0.450277
-0.699367
1.264609
2.059780
2.069360
1.207127
0.929296
1.896913
1.868172
1.724467
1.044260
0.364054
0.411956
0.555661
0.747269
0.843073
0.756849
0.967617
1.187966
1.532859
0.833492
0.507760
1.216707
1.791529
1.322091
0.862233
1.992717
2.155583
1.369993
1.743628
1.302930
-0.134125
-1.053841
-0.737689
0.258670
-0.373634
-2.146003
-1.868172
-0.268250
0.114964
0.546081
0.862233
0.526920
1.226287
1.801110
1.331672
1.111323
0.881394
1.762788
2.663343
1.484957
0.325733
0.028741
-0.852653
-0.890975
-0.670626
-0.929296
0.047902
0.996359
0.833492
1.120903
1.379573
2.481316
2.759147
2.385512
3.324389
2.778308
0.431117
-0.287411
0.593983
0.890975
0.900555
0.670626
0.680206
0.680206
0.565242
0.507760
0.229929
-0.019161
1.216707
1.542440
1.082582
1.484957
1.178386
1.657404
2.366352
2.452575
2.126842
1.360413
1.369993
1.619083
1.120903
0.402376
0.431117
0.929296
-0.057482
-1.753208
-2.050199
-1.331672
-0.632304
-0.546081
-0.632304
-0.296991
1.456216
2.883692
2.328030
1.820271
1.341252
1.484957
1.916074
1.140064
0.651465
0.421536
-0.421536
0.047902
0.871814
0.162866
-0.546081
-0.747269
-0.603563
0.823912
1.484957
1.302930
1.216707
0.689787
0.938876
1.417895
0.287411
-0.479019
0.134125
0.546081
0.862233
0.766430
0.728108
0.948457
0.814332
0.498179
0.354474
0.526920
1.475377
1.053841
0.488599
1.331672
2.088521
1.465797
0.680206
2.155583
2.845370
2.557959
2.174744
0.766430
1.216707
1.916074
0.517340
-0.134125
-0.431117
0.402376
2.031039
1.676565
1.513699
1.571181
1.465797
2.280128
2.893272
2.203485
2.375932
2.586700
1.571181
1.954396
1.896913
1.245448
0.948457
0.804751
0.862233
0.038321
-1.590342
-2.098101
-0.622724
0.440697
0.450277
-0.162866
-1.552020
-0.114964
1.666985
0.526920
0.239509
0.967617
2.165164
2.481316
1.408315
1.025100
0.967617
0.814332
0.871814
1.015519
0.843073
0.517340
0.603563
0.651465
1.283770
1.580761
1.465797
1.542440
0.344893
-0.823912
-0.756849
0.498179
1.456216
1.293350
0.843073
0.268250
0.737689
0.948457
-0.047902
-0.890975
-1.887333
-0.890975
1.791529
2.059780
0.708947
0.574822
0.632304
0.785590
1.829851
2.078940
2.318450
2.184325
1.513699
1.810690
1.580761
0.728108
-0.028741
-0.881394
-1.149644
-0.670626
-0.067063
0.948457
1.293350
1.465797
2.155583
2.232226
2.146003
2.960335
3.228585
2.241807
0.795171
0.364054
1.149644
1.149644
0.776010
0.728108
0.708947
0.450277
0.574822
0.756849
0.843073
0.756849
0.479019
0.344893
1.140064
1.389154
1.015519
1.082582
0.747269
0.958037
1.063421
0.986778
1.322091
1.599922
2.213066
2.011878
1.063421
0.373634
0.047902
0.383215
-0.316152
-1.868172
-1.369993
0.335313
1.130484
0.766430
-0.507760
-1.226287
0.776010
2.078940
1.331672
0.124545
-0.680206
0.910135
2.260967
1.791529
1.082582
0.986778
0.584403
-0.095804
0.191607
-0.038321
-0.756849
-1.092162
-1.005939
0.507760
1.092162
1.245448
1.676565
1.513699
1.810690
1.580761
0.249090
-0.507760
-0.124545
0.182027
0.325733
0.517340
0.488599
0.593983
0.766430
0.603563
0.402376
0.555661
1.849012
2.213066
1.762788
1.925655
0.651465
-0.929296
-0.067063
2.050199
2.308869
1.073002
0.373634
-0.076643
-0.162866
-0.201188
-0.220349
-0.479019
-1.207127
-1.063421
-0.507760
0.498179
0.593983
-0.459858
0.143706
0.680206
0.555661
1.120903
1.379573
1.619083
1.983137
0.680206
0.191607
1.063421
0.622724
0.287411
0.009580
-0.613144
0.325733
1.130484
0.277831
-0.862233
-0.651465
0.919716
0.919716
-0.191607
0.153286
1.044260
0.852653
0.890975
1.025100
0.843073
0.641885
0.421536
0.191607
0.086223
0.287411
0.622724
0.651465
0.431117
0.565242
0.996359
2.184325
2.366352
1.599922
1.475377
1.053841
0.124545
-0.191607
0.766430
0.718528
0.335313
0.641885
0.296991
0.747269
1.082582
0.373634
0.421536
-0.546081
-0.134125
0.306572
-1.456216
-1.916074
-1.513699
-0.833492
0.948457
1.666985
0.526920
1.101743
1.868172
1.111323
1.619083
1.983137
1.168805
0.172447
0.440697
1.063421
0.488599
-0.881394
-1.647824
-0.411956
0.661046
0.795171
0.986778
0.459858
0.823912
2.222646
1.159225
-0.076643
-0.038321
0.958037
1.552020
1.207127
0.929296
0.804751
0.986778
0.948457
0.689787
0.440697
0.450277
0.699367
0.938876
2.031039
1.437056
0.546081
1.360413
1.120903
0.641885
0.172447
0.325733
0.756849
0.967617
1.552020
1.092162
1.245448
1.686145
0.785590
1.216707
0.938876
-0.670626
0.047902
0.996359
0.708947
0.325733
-0.344893
0.450277
2.787888
3.506416
2.366352
1.350832
0.622724
1.513699
2.672924
1.609502
0.871814
0.900555
0.546081
0.862233
1.015519
0.344893
1.015519
1.082582
0.747269
2.557959
2.912433
2.213066
2.136423
1.973556
2.270548
2.280128
2.165164
1.868172
1.360413
0.996359
0.708947
0.574822
0.392795
0.306572
0.507760
0.603563
0.651465
0.670626
1.906494
1.753208
0.689787
1.302930
1.714886
2.270548
2.155583
2.356771
2.328030
2.557959
3.525577
2.749567
1.647824
0.766430
0.114964
0.296991
0.134125
-0.431117
-0.210768
0.756849
1.331672
1.235868
1.063421
1.226287
2.663343
3.448934
2.462155
1.638243
0.641885
1.647824
2.979495
1.628663
0.392795
0.296991
0.507760
0.728108
0.459858
0.086223
0.651465
0.421536
0.067063
1.015519
0.833492
1.245448
1.810690
2.193905
2.739986
1.762788
0.210768
-0.517340
0.000000
0.488599
0.593983
0.277831
0.249090
0.114964
-0.076643
0.086223
0.287411
0.622724
1.513699
1.561600
1.829851
2.328030
1.571181
2.203485
2.625022
1.829851
1.954396
2.136423
0.747269
-0.517340
-0.613144
-0.536501
-1.235868
-1.322091
-1.360413
-1.130484
0.325733
0.756849
1.705306
1.408315
-0.814332
-0.383215
0.919716
1.159225
1.398734
0.890975
0.162866
0.316152
0.507760
-0.009580
-0.747269
-1.705306
-0.804751
1.465797
1.666985
1.628663
1.130484
0.526920
0.852653
1.877753
2.720825
1.762788
1.561600
1.092162
0.507760
0.967617
0.699367
-0.047902
0.095804
0.651465
0.795171
0.613144
0.651465
0.670626
0.555661
0.507760
0.479019
0.469438
1.561600
2.328030
2.433414
2.481316
2.260967
3.142362
2.816629
1.801110
1.695726
1.647824
1.992717
2.031039
0.823912
-0.229929
0.009580
0.613144
0.900555
1.274189
1.207127
0.680206
-0.047902
-0.641885
1.044260
2.941174
2.471736
1.762788
2.050199
1.446636
1.657404
2.366352
1.465797
0.804751
-0.852653
-2.241807
-1.302930
-0.488599
-0.603563
-0.536501
-0.134125
0.546081
0.747269
1.322091
2.701665
2.979495
2.241807
2.395093
3.084879
3.027397
2.883692
2.328030
1.571181
1.341252
0.996359
0.708947
0.574822
0.632304
0.785590
0.737689
0.833492
0.756849
1.944815
2.625022
2.577120
2.433414
1.743628
1.791529
1.446636
0.919716
0.670626
1.044260
2.328030
2.193905
0.651465
-0.316152
-1.130484
-0.411956
-0.067063
-1.264609
-2.193905
-1.398734
0.076643
0.526920
1.350832
1.235868
1.801110
2.433414
1.628663
1.245448
0.699367
-0.411956
-0.076643
1.063421
0.373634
-0.565242
-0.517340
-0.613144
0.325733
1.255029
0.459858
0.574822
0.881394
0.287411
0.249090
1.465797
1.791529
1.197546
2.155583
1.983137
0.929296
0.919716
0.919716
0.919716
0.795171
0.737689
0.593983
0.392795
0.431117
0.565242
0.747269
0.958037
1.676565
1.513699
1.312511
1.101743
0.756849
1.820271
1.954396
1.159225
1.274189
1.571181
2.088521
2.442995
1.015519
-0.019161
0.843073
1.494538
1.552020
0.843073
0.143706
1.168805
1.647824
0.277831
-0.364054
-0.296991
1.331672
2.213066
1.034680
1.216707
0.814332
-1.101743
-1.992717
-0.938876
-0.201188
-0.593983
0.210768
0.584403
-0.593983
-1.025100
-0.488599
0.009580
0.613144
1.015519
0.593983
1.379573
1.753208
1.302930
2.328030
2.308869
1.561600
1.216707
0.929296
1.168805
0.910135
0.670626
0.804751
0.737689
0.584403
0.392795
0.421536
0.689787
2.040619
2.672924
2.596281
2.557959
1.810690
2.069360
1.820271
1.580761
1.839431
1.350832
1.858592
2.586700
1.935235
1.149644
0.536501
-0.373634
-1.408315
-0.296991
0.967617
0.574822
0.392795
0.306572
-0.229929
0.009580
1.475377
1.302930
0.239509
0.967617
1.063421
0.249090
-0.373634
-0.919716
-0.555661
-0.019161
0.354474
0.402376
-0.182027
-0.210768
-0.344893
0.325733
1.743628
2.040619
1.686145
0.785590
0.488599
0.344893
0.766430
0.603563
-0.095804
0.201188
0.335313
0.028741
0.009580
0.373634
0.661046
0.919716
0.795171
0.373634
0.287411
0.622724
1.274189
0.593983
-0.833492
-0.766430
0.747269
1.446636
1.532859
2.059780
1.571181
1.465797
1.906494
2.117262
1.849012
1.101743
0.641885
-0.191607
-0.220349
0.632304
0.785590
0.000000
-0.498179
-0.603563
0.699367
3.027397
3.132781
1.705306
1.159225
0.785590
0.728108
1.935235
1.628663
0.632304
-0.201188
-1.446636
-0.680206
1.274189
1.207127
0.929296
1.044260
0.613144
1.140064
2.375932
2.452575
2.002298
1.178386
0.421536
2.040619
2.797468
1.053841
-0.488599
-0.728108
0.143706
0.680206
0.680206
0.804751
0.747269
0.833492
1.005939
0.958037
1.053841
2.088521
1.705306
0.795171
1.226287
1.302930
0.603563
-0.335313
0.823912
1.120903
0.268250
1.226287
1.063421
-0.364054
-0.795171
-0.373634
0.067063
0.641885
1.762788
1.312511
0.488599
0.833492
0.881394
2.011878
2.414253
1.245448
0.335313
0.277831
0.373634
-0.201188
-1.695726
-2.519638
-0.814332
-0.019161
-1.484957
-2.912433
-1.983137
-0.191607
0.641885
0.785590
-0.249090
-0.728108
1.255029
2.787888
2.155583
1.494538
1.916074
2.730406
3.113621
2.308869
1.197546
1.044260
1.101743
0.881394
0.651465
0.919716
0.919716
0.431117
0.316152
0.756849
1.092162
2.098101
2.328030
1.944815
2.136423
1.484957
1.302930
1.341252
1.484957
1.552020
1.456216
1.293350
0.479019
0.095804
-0.450277
-0.459858
-0.220349
-1.092162
-2.356771
-1.839431
-0.373634
0.316152
0.383215
0.296991
-0.105384
0.440697
0.565242
-0.718528
-0.095804
0.191607
0.823912
2.098101
1.101743
-0.229929
0.134125
0.306572
0.632304
1.887333
1.983137
0.670626
-0.057482
-0.028741
-0.756849
-0.603563
0.938876
1.666985
0.776010
0.354474
0.038321
0.134125
0.919716
0.795171
0.862233
1.015519
0.958037
0.689787
0.201188
-0.028741
0.105384
0.411956
0.555661
0.996359
0.708947
0.450277
1.187966
1.044260
1.590342
1.973556
1.532859
0.708947
0.325733
1.868172
1.973556
0.057482
-1.446636
-1.178386
-0.182027
0.277831
-0.488599
-2.069360
-0.728108
1.255029
0.833492
-0.105384
-0.910135
0.057482
1.868172
1.973556
1.657404
0.651465
-0.929296
-0.440697
0.162866
-0.296991
-0.756849
-0.479019
0.019161
0.498179
0.843073
-0.105384
-0.172447
-0.086223
0.814332
1.734047
1.053841
1.475377
2.031039
1.437056
1.408315
1.877753
1.484957
0.814332
0.507760
0.354474
0.411956
0.431117
0.325733
0.517340
0.728108
0.584403
0.517340
1.341252
1.111323
0.641885
1.398734
0.890975
-1.063421
-0.996359
0.881394
1.149644
0.661046
0.057482
-0.469438
0.019161
0.498179
-0.134125
0.172447
-0.047902
-0.143706
1.647824
1.504118
0.823912
1.858592
1.973556
1.657404
1.504118
0.823912
1.494538
1.427475
0.546081
1.350832
1.369993
0.143706
-0.919716
-0.680206
-0.076643
0.689787
0.804751
-0.364054
0.440697
0.814332
0.498179
2.193905
2.625022
2.941174
3.583059
2.653763
2.950754
3.094460
2.548379
2.040619
1.197546
0.919716
1.044260
0.852653
0.890975
1.025100
0.843073
0.756849
0.967617
1.187966
1.906494
1.504118
0.699367
1.063421
1.350832
0.747269
0.220349
0.833492
1.245448
1.197546
1.532859
1.944815
1.762788
0.699367
-0.172447
-0.086223
-0.411956
-1.676565
-2.021458
-0.584403
0.459858
0.086223
-0.210768
-0.469438
0.268250
1.350832
1.120903
0.890975
0.661046
1.532859
2.682504
1.858592
0.498179
-0.019161
-0.383215
0.546081
1.360413
0.019161
-0.728108
0.143706
1.293350
1.580761
1.101743
2.356771
2.941174
1.619083
0.258670
0.114964
1.283770
1.456216
1.168805
1.034680
0.967617
0.823912
0.632304
0.536501
0.373634
0.536501
0.613144
0.651465
2.021458
2.050199
1.446636
2.021458
0.814332
-1.092162
-1.379573
0.086223
1.015519
0.967617
0.450277
0.574822
1.369993
0.632304
-0.076643
-0.162866
-0.450277
0.277831
1.475377
1.053841
-0.613144
-0.785590
0.124545
0.296991
-0.105384
-0.910135
0.182027
0.938876
0.929296
2.270548
2.414253
1.494538
0.201188
0.210768
1.207127
1.666985
1.140064
-0.201188
0.143706
1.044260
1.101743
2.356771
2.692084
1.992717
2.031039
2.050199
2.059780
2.059780
2.922013
2.960335
1.992717
1.293350
0.852653
0.766430
0.843073
1.005939
0.833492
0.507760
0.364054
0.536501
1.599922
2.462155
2.989076
3.113621
3.171103
4.177042
3.544737
2.146003
1.245448
0.574822
1.743628
2.155583
1.983137
1.657404
0.526920
-0.373634
-1.781949
-0.718528
0.890975
-0.076643
-0.900555
0.067063
0.881394
0.411956
-0.546081
-0.632304
0.804751
1.724467
1.417895
0.785590
0.852653
2.241807
2.395093
1.484957
1.178386
0.919716
0.795171
-0.488599
-0.354474
0.440697
-0.536501
-1.360413
-1.992717
-0.938876
1.398734
2.251387
1.657404
1.753208
2.040619
1.197546
0.795171
0.986778
0.948457
1.053841
0.977198
0.699367
0.574822
0.507760
0.852653
1.005939
2.193905
2.375932
0.986778
0.823912
1.235868
0.574822
0.383215
2.021458
2.538798
2.289709
1.801110
0.229929
0.344893
1.015519
-0.392795
-1.168805
-1.532859
-0.603563
0.699367
0.450277
-0.411956
-0.440697
0.526920
0.613144
0.776010
1.216707
1.791529
2.184325
1.877753
1.484957
1.791529
1.695726
0.296991
0.258670
0.728108
0.210768
-1.130484
-2.375932
-1.235868
0.392795
0.670626
1.417895
1.159225
0.900555
2.625022
3.065719
2.414253
2.720825
2.615441
1.465797
0.680206
0.680206
1.053841
0.977198
0.699367
0.689787
0.689787
0.440697
0.574822
0.881394
1.638243
0.756849
0.229929
1.207127
1.293350
0.967617
0.689787
1.427475
1.887333
2.232226
2.146003
1.245448
1.073002
0.737689
-0.641885
-1.647824
-2.002298
-0.823912
0.105384
-0.450277
-1.197546
-1.666985
-1.149644
-0.421536
-0.201188
-1.207127
-0.814332
0.718528
1.312511
1.226287
0.325733
0.756849
1.580761
1.101743
0.756849
-0.019161
-0.258670
1.101743
1.858592
1.599922
1.484957
0.814332
0.373634
1.398734
2.002298
1.666985
1.015519
0.469438
1.197546
1.657404
1.015519
0.843073
1.005939
0.958037
0.689787
0.440697
0.450277
0.823912
0.871814
0.651465
1.159225
2.625022
3.439353
1.973556
0.919716
2.519638
3.017817
1.283770
0.593983
0.641885
-0.565242
-0.756849
0.258670
-0.009580
-0.124545
-0.306572
-1.130484
-0.287411
0.718528
0.699367
1.552020
1.705306
0.546081
0.373634
1.274189
0.843073
0.268250
1.590342
2.462155
1.513699
0.823912
0.747269
-0.507760
-1.465797
-0.450277
0.641885
0.296991
0.507760
0.479019
0.095804
1.513699
2.423834
2.107682
1.839431
1.101743
0.632304
1.149644
1.025100
0.229929
-0.019161
0.354474
0.776010
1.101743
0.881394
0.402376
0.555661
0.622724
0.287411
0.373634
0.411956
1.417895
1.025100
-0.009580
0.852653
1.379573
1.494538
1.187966
1.781949
1.686145
0.536501
1.235868
1.312511
0.000000
-0.862233
-0.526920
-0.009580
-0.134125
-0.431117
-0.948457
-0.325733
0.335313
-0.086223
1.063421
2.088521
2.203485
2.749567
2.385512
1.724467
0.680206
0.191607
1.187966
1.168805
0.661046
0.555661
0.009580
0.986778
1.686145
0.910135
0.785590
1.714886
1.657404
1.389154
2.241807
2.634602
2.088521
0.967617
-0.287411
-0.871814
0.450277
1.437056
1.159225
0.910135
0.546081
0.373634
0.661046
0.670626
0.316152
0.392795
0.670626
0.680206
1.542440
2.193905
2.002298
1.542440
1.580761
2.826210
2.548379
1.552020
1.331672
0.986778
1.437056
2.021458
0.938876
-0.296991
-0.268250
-0.009580
-0.009580
-1.484957
-2.912433
-1.734047
-0.325733
-0.766430
-1.226287
-0.574822
0.958037
0.929296
0.067063
0.028741
-0.603563
0.450277
1.187966
0.182027
-0.287411
-0.507760
-0.613144
-1.274189
-2.442995
-1.877753
0.344893
1.877753
2.960335
3.104040
2.059780
1.446636
1.283770
1.705306
1.408315
0.776010
0.603563
0.526920
0.488599
0.593983
1.005939
1.082582
0.871814
0.890975
0.785590
0.613144
0.526920
0.124545
0.785590
1.101743
0.632304
1.274189
1.695726
1.034680
0.967617
2.040619
2.050199
1.810690
2.807049
2.414253
0.871814
0.038321
-0.603563
-0.526920
-1.360413
-1.992717
-0.689787
0.900555
1.647824
1.255029
0.459858
0.823912
2.471736
2.136423
0.871814
0.890975
-0.201188
0.028741
1.849012
1.475377
1.417895
1.274189
0.344893
-0.086223
0.325733
0.756849
0.105384
-0.450277
-0.584403
1.322091
3.065719
3.027397
2.634602
2.337610
2.193905
2.251387
1.781949
0.833492
0.756849
0.843073
0.632304
0.421536
0.680206
1.053841
0.977198
0.699367
0.814332
1.111323
1.619083
1.120903
1.015519
1.695726
1.523279
2.308869
2.672924
2.107682
1.350832
0.622724
1.638243
3.468094
2.969915
1.140064
1.140064
1.025100
0.354474
-0.210768
-0.718528
-0.095804
0.565242
-0.229929
0.622724
2.251387
1.906494
0.766430
-0.019161
0.229929
0.105384
0.776010
1.216707
0.325733
0.881394
0.900555
-0.689787
-0.450277
0.277831
0.498179
0.593983
0.402376
1.168805
2.749567
2.634602
1.475377
1.302930
0.852653
1.255029
2.423834
2.107682
0.977198
0.574822
0.632304
0.421536
0.440697
0.689787
0.938876
0.929296
0.680206
0.680206
0.929296
1.657404
1.628663
1.120903
1.379573
1.504118
1.552020
1.341252
1.111323
0.881394
1.025100
1.944815
2.251387
2.768727
2.644182
1.350832
0.996359
-0.153286
0.047902
1.858592
0.862233
-0.459858
0.143706
0.306572
0.632304
1.887333
1.858592
1.973556
2.146003
0.756849
0.718528
1.063421
0.613144
0.038321
-0.479019
0.019161
0.373634
-0.565242
-1.494538
-0.459858
1.005939
1.322091
2.213066
2.375932
1.849012
1.599922
1.235868
1.801110
1.695726
-0.067063
-0.526920
0.488599
0.718528
0.574822
0.756849
0.967617
0.699367
0.565242
0.632304
0.661046
0.431117
1.178386
1.657404
1.877753
2.107682
2.328030
2.318450
1.810690
1.820271
0.852653
1.005939
1.571181
0.364054
-0.325733
-0.277831
-1.120903
-0.890975
-0.910135
-1.044260
0.488599
0.958037
0.938876
0.929296
-0.431117
-0.450277
1.379573
1.379573
1.130484
0.651465
-0.804751
0.114964
1.887333
1.005939
-0.153286
0.172447
-0.411956
-0.076643
0.814332
0.258670
0.852653
1.255029
0.584403
1.619083
2.232226
2.146003
2.098101
1.839431
2.078940
1.954396
1.149644
0.536501
0.613144
0.536501
0.373634
0.661046
0.919716
1.044260
0.977198
0.699367
0.565242
0.632304
1.887333
3.084879
3.774666
3.477675
2.720825
2.739986
2.260967
1.417895
0.785590
0.364054
0.900555
2.011878
1.302930
0.364054
-0.201188
-0.833492
-0.641885
0.057482
0.392795
0.182027
0.201188
-0.766430
0.258670
2.692084
2.854951
2.308869
2.672924
2.596281
2.069360
2.433414
1.992717
1.417895
1.149644
0.411956
0.680206
1.053841
1.350832
0.871814
-0.086223
0.565242
0.632304
-0.076643
-0.162866
0.900555
1.638243
1.130484
1.264609
1.197546
-0.057482
-0.766430
-0.364054
0.440697
0.938876
0.929296
0.680206
0.440697
0.325733
0.392795
0.431117
0.565242
1.858592
2.586700
1.820271
1.456216
1.168805
0.296991
0.383215
2.136423
2.720825
2.490896
2.759147
2.021458
0.814332
-0.114964
-0.306572
-0.019161
-0.507760
-1.341252
-2.107682
-1.724467
-0.565242
0.095804
1.638243
2.481316
1.887333
1.120903
1.379573
1.619083
1.619083
2.471736
1.513699
-0.277831
-0.498179
-1.341252
-0.632304
0.555661
-0.229929
0.134125
0.795171
-0.124545
-0.067063
2.423834
2.356771
0.852653
0.641885
0.421536
1.053841
1.963976
1.283770
0.105384
0.047902
0.383215
0.421536
0.440697
0.689787
0.689787
0.565242
0.632304
0.536501
0.613144
1.389154
1.504118
1.686145
1.762788
0.699367
1.427475
2.136423
1.484957
1.063421
0.862233
1.628663
2.356771
1.705306
0.546081
-0.114964
0.191607
0.086223
0.402376
1.159225
0.785590
0.862233
0.641885
-0.440697
0.153286
1.666985
1.753208
1.187966
0.546081
0.498179
0.603563
-0.584403
-1.504118
-0.948457
-0.076643
-0.162866
-0.325733
0.335313
0.766430
0.603563
1.015519
1.331672
0.986778
0.086223
-0.210768
0.517340
1.954396
2.021458
0.201188
-0.277831
-0.383215
-0.182027
0.277831
0.498179
0.593983
0.766430
0.967617
0.689787
0.325733
0.641885
0.910135
1.896913
2.232226
2.270548
2.404673
1.369993
1.743628
2.289709
2.538798
1.676565
1.274189
2.682504
1.992717
1.666985
1.753208
0.814332
0.622724
-0.325733
-0.028741
1.571181
1.341252
-0.114964
-0.431117
0.526920
0.862233
0.153286
-0.057482
0.459858
0.699367
0.565242
0.134125
0.057482
1.130484
1.628663
-0.220349
-1.341252
-1.494538
-0.823912
0.593983
0.766430
0.967617
1.801110
1.695726
1.034680
1.829851
2.078940
1.456216
0.555661
0.498179
2.318450
2.548379
1.561600
1.216707
1.053841
0.862233
0.766430
0.843073
1.130484
1.015519
0.718528
0.574822
1.619083
2.596281
2.682504
1.858592
0.747269
1.695726
2.136423
1.609502
1.235868
1.187966
2.395093
1.849012
0.373634
0.172447
-0.047902
-0.766430
-1.954396
-2.883692
-2.701665
-1.025100
0.249090
0.364054
0.287411
0.498179
1.705306
2.270548
1.791529
1.197546
0.804751
0.124545
-0.316152
-0.028741
-0.143706
-0.067063
0.948457
2.280128
1.427475
0.172447
0.440697
0.574822
1.245448
1.561600
0.852653
1.868172
2.586700
1.446636
1.906494
1.992717
2.031039
2.299289
1.197546
0.919716
1.044260
0.977198
0.938876
1.053841
0.977198
0.823912
0.507760
0.479019
1.322091
1.599922
1.235868
0.574822
0.268250
1.475377
2.040619
0.823912
0.622724
1.025100
0.603563
0.526920
0.488599
0.220349
-0.143706
-0.565242
-1.005939
-0.229929
-0.229929
-1.341252
-0.019161
0.354474
-0.938876
-0.565242
1.446636
2.146003
0.996359
0.833492
0.881394
0.287411
-0.114964
0.306572
0.996359
1.197546
1.053841
0.977198
0.699367
0.565242
0.258670
0.488599
1.820271
2.557959
1.561600
0.603563
1.255029
1.446636
0.919716
0.306572
0.383215
0.670626
0.680206
0.440697
0.201188
0.584403
0.641885
0.546081
0.862233
1.015519
0.967617
0.574822
0.996359
1.446636
1.781949
1.810690
-0.268250
0.364054
1.762788
1.801110
2.193905
2.251387
1.417895
0.411956
1.044260
1.226287
0.689787
1.427475
1.034680
0.114964
-0.201188
-0.220349
0.134125
0.919716
2.519638
2.155583
0.881394
-0.574822
-0.890975
0.804751
1.963976
1.159225
0.172447
0.201188
-0.277831
-0.134125
0.795171
0.364054
-0.565242
-0.881394
-1.283770
0.134125
2.634602
2.701665
1.628663
1.005939
0.593983
-0.584403
-1.140064
-0.900555
-0.182027
0.526920
0.239509
0.354474
0.411956
0.431117
0.814332
1.111323
1.005939
0.718528
0.459858
0.574822
1.858592
1.849012
0.613144
0.536501
0.613144
0.651465
1.159225
1.034680
-0.507760
-1.101743
0.335313
2.241807
2.146003
1.245448
0.699367
-0.411956
-0.689787
0.411956
0.929296
0.431117
-0.296991
-1.245448
-0.095804
2.404673
2.960335
2.117262
1.599922
0.871814
-0.823912
-0.392795
0.182027
-0.162866
0.411956
-0.670626
-2.778308
-3.266906
-1.408315
0.076643
0.277831
0.862233
1.255029
0.708947
-0.287411
-0.258670
0.364054
1.149644
0.038321
-1.705306
-0.191607
0.890975
0.536501
0.737689
0.833492
0.756849
0.718528
0.823912
0.747269
0.593983
0.517340
0.613144
1.389154
1.743628
2.289709
1.925655
1.513699
3.161522
3.075299
1.925655
1.628663
1.245448
0.823912
0.632304
1.149644
1.513699
0.948457
0.804751
0.249090
-0.373634
-0.919716
-0.804751
0.239509
0.718528
1.073002
0.622724
0.536501
0.488599
0.105384
0.536501
0.737689
0.469438
-0.517340
-0.613144
-0.047902
0.220349
0.833492
0.632304
-0.325733
-0.526920
-0.249090
-0.239509
1.111323
2.481316
2.385512
2.088521
1.954396
1.772369
1.312511
0.239509
-0.009580
0.354474
0.287411
0.498179
0.718528
0.584403
0.641885
0.785590
0.852653
0.890975
0.900555
1.034680
1.705306
1.408315
1.264609
1.935235
1.638243
2.356771
2.692084
1.992717
1.906494
1.628663
1.619083
1.734047
1.178386
0.421536
-0.047902
0.210768
0.095804
-0.325733
-0.526920
-0.498179
0.498179
1.705306
1.896913
1.619083
2.347191
1.954396
0.661046
0.795171
0.498179
0.593983
0.766430
-0.134125
-0.680206
-1.427475
-0.555661
1.092162
0.871814
-0.210768
-0.718528
-0.344893
-0.162866
-0.450277
-0.833492
0.344893
1.628663
0.632304
0.411956
1.293350
2.203485
2.002298
1.053841
1.101743
0.881394
0.651465
0.546081
0.622724
0.661046
0.431117
0.440697
0.450277
0.699367
0.814332
0.747269
0.958037
0.325733
-0.593983
-0.038321
1.571181
1.839431
1.475377
1.906494
1.379573
0.890975
0.411956
0.067063
0.766430
0.967617
0.938876
0.804751
0.498179
-0.383215
-0.795171
0.603563
1.255029
1.322091
2.088521
2.318450
2.059780
2.433414
2.366352
2.088521
1.580761
0.249090
0.354474
0.526920
0.488599
0.843073
0.632304
0.785590
0.977198
0.450277
0.450277
0.699367
-0.287411
0.229929
1.944815
1.887333
1.120903
0.641885
0.670626
0.919716
0.919716
0.670626
0.440697
0.325733
0.517340
0.728108
0.708947
0.938876
1.178386
2.146003
2.471736
2.385512
2.213066
1.159225
1.513699
1.686145
1.274189
1.331672
1.226287
1.552020
1.705306
0.670626
-0.431117
0.038321
-0.105384
-0.421536
-0.201188
-1.322091
-1.484957
-0.325733
0.086223
0.038321
-0.229929
0.622724
1.762788
1.312511
1.590342
1.111323
-0.344893
0.201188
0.459858
0.210768
-0.392795
-1.417895
-0.047902
1.446636
1.044260
0.977198
1.552020
0.843073
1.379573
2.481316
1.647824
1.992717
2.155583
1.369993
0.517340
0.354474
0.776010
0.728108
1.073002
0.996359
0.708947
0.938876
1.053841
0.862233
0.766430
0.843073
0.766430
1.580761
2.337610
2.682504
2.481316
1.523279
1.935235
1.877753
0.871814
-0.086223
-0.536501
0.852653
1.868172
0.747269
-0.028741
-0.507760
-0.613144
-0.536501
0.114964
0.910135
0.182027
0.689787
0.191607
-1.638243
-0.766430
1.360413
2.356771
1.705306
0.431117
-0.661046
0.421536
1.293350
0.479019
0.593983
-0.833492
-2.605861
-1.954396
-0.182027
1.015519
0.843073
0.392795
0.670626
0.804751
0.124545
-0.067063
0.210768
0.220349
0.593983
0.641885
-0.191607
-0.708947
-0.220349
0.134125
0.182027
0.325733
0.277831
0.498179
0.718528
0.823912
0.996359
1.073002
1.724467
1.791529
1.322091
1.101743
1.005939
2.184325
2.490896
1.034680
-0.134125
-0.306572
0.584403
1.494538
1.552020
0.843073
0.268250
-0.249090
-0.239509
0.498179
0.469438
0.708947
0.574822
-0.229929
0.009580
1.226287
2.414253
2.596281
2.069360
0.718528
-0.526920
0.114964
0.421536
0.316152
0.632304
0.172447
-0.661046
-1.178386
0.431117
1.427475
0.661046
1.417895
2.136423
1.849012
1.839431
1.839431
1.590342
1.849012
0.862233
-0.459858
-0.344893
-0.172447
0.038321
0.143706
0.431117
0.804751
0.747269
0.708947
0.823912
0.996359
0.958037
0.814332
1.973556
2.270548
2.165164
1.868172
0.498179
1.331672
2.462155
2.251387
1.532859
0.958037
-0.162866
-0.699367
0.287411
0.498179
-0.019161
-0.622724
-1.159225
-0.546081
0.229929
-0.268250
0.364054
0.651465
-0.191607
0.277831
0.862233
0.890975
1.762788
2.787888
2.519638
1.417895
0.047902
-1.082582
-0.881394
-0.536501
-1.360413
-1.743628
-0.699367
0.287411
0.498179
0.593983
-0.095804
0.440697
1.187966
0.795171
1.101743
0.632304
-0.929296
-1.293350
-0.613144
-0.785590
-0.498179
0.373634
0.536501
0.498179
0.354474
0.402376
0.555661
0.383215
0.421536
0.689787
2.040619
2.059780
0.958037
0.938876
0.929296
0.919716
1.044260
1.590342
1.350832
0.996359
1.810690
2.807049
2.414253
1.494538
1.302930
0.603563
0.277831
1.226287
1.427475
0.546081
0.862233
0.641885
-0.191607
0.641885
2.260967
2.404673
1.360413
1.120903
0.766430
-0.507760
-1.590342
-0.622724
0.440697
0.201188
-0.766430
-1.465797
-1.178386
-0.555661
-0.383215
-0.795171
-1.235868
-0.086223
1.063421
0.498179
1.207127
1.666985
0.411956
0.191607
0.699367
0.440697
0.325733
0.641885
0.785590
0.737689
0.958037
0.814332
0.622724
0.526920
0.364054
0.411956
1.293350
1.216707
0.440697
0.938876
1.666985
2.126842
1.724467
1.906494
2.107682
2.088521
2.193905
1.389154
0.890975
0.411956
0.191607
0.086223
-0.459858
-0.833492
-1.379573
-1.015519
0.134125
1.168805
1.149644
0.536501
1.226287
1.427475
0.536501
0.737689
0.459858
-1.015519
-1.465797
-0.440697
0.028741
-0.728108
-0.344893
0.814332
0.871814
0.900555
1.523279
1.322091
1.475377
3.142362
3.065719
1.676565
0.776010
0.239509
0.843073
1.494538
1.187966
0.431117
0.076643
0.402376
0.680206
0.565242
0.258670
0.364054
0.411956
0.306572
0.632304
1.034680
1.829851
1.341252
1.111323
1.494538
1.187966
1.781949
1.686145
0.910135
-0.067063
-0.526920
0.488599
0.958037
0.440697
0.450277
0.201188
-0.402376
-1.053841
-0.498179
0.498179
-0.009580
0.728108
1.322091
0.124545
-0.565242
-0.143706
0.411956
0.440697
0.689787
0.325733
-0.718528
-1.073002
-0.756849
-0.479019
0.134125
0.670626
0.316152
0.143706
0.431117
-0.296991
0.354474
2.366352
1.839431
0.977198
1.063421
1.111323
1.494538
0.938876
0.191607
0.335313
0.028741
-0.114964
0.191607
0.450277
0.574822
0.756849
0.967617
0.938876
0.680206
0.804751
1.235868
1.552020
1.341252
1.235868
1.187966
0.680206
0.804751
1.111323
1.743628
1.666985
1.149644
2.011878
1.916074
0.526920
-0.737689
-0.718528
0.028741
-0.364054
-1.772369
-3.046558
-1.801110
0.009580
0.249090
0.728108
1.197546
1.293350
0.967617
0.450277
0.574822
0.268250
-0.737689
-0.843073
0.095804
0.287411
-0.239509
0.124545
0.421536
-0.172447
-0.459858
0.392795
1.532859
2.059780
2.069360
1.331672
1.724467
2.155583
1.120903
1.504118
1.810690
0.967617
0.450277
0.201188
0.459858
0.699367
0.574822
0.632304
0.910135
1.159225
1.149644
0.776010
0.488599
1.580761
2.088521
1.465797
1.542440
2.433414
3.094460
2.548379
2.050199
0.958037
0.440697
1.801110
3.171103
2.462155
1.025100
0.229929
-0.383215
0.182027
0.201188
-0.890975
-0.421536
0.411956
0.316152
1.369993
1.992717
1.542440
0.344893
-0.459858
0.028741
0.747269
0.469438
-0.153286
0.536501
0.373634
-1.053841
-0.622724
1.302930
1.341252
0.986778
0.584403
-0.958037
-1.925655
-0.047902
1.082582
0.258670
0.728108
1.073002
0.747269
1.331672
1.475377
0.440697
0.325733
0.756849
0.843073
0.392795
0.057482
0.392795
0.670626
0.555661
0.622724
0.900555
2.011878
2.165164
1.379573
1.005939
0.708947
1.187966
1.283770
0.593983
0.153286
-0.057482
0.584403
1.494538
0.201188
-0.890975
-0.670626
-0.565242
-0.153286
0.661046
0.306572
-0.718528
-0.469438
-0.220349
0.996359
1.935235
1.513699
0.584403
0.268250
0.488599
0.105384
-1.187966
-1.542440
0.009580
0.986778
-0.162866
-1.552020
-1.590342
-0.747269
0.507760
0.354474
0.526920
0.977198
0.699367
1.552020
2.931593
2.596281
1.456216
0.804751
-0.114964
0.680206
1.781949
1.322091
1.226287
1.063421
0.862233
1.015519
1.207127
0.929296
0.680206
0.680206
0.565242
1.494538
1.063421
-0.124545
0.670626
0.431117
-0.910135
-0.057482
2.059780
1.571181
0.728108
0.584403
-0.095804
0.929296
1.657404
0.526920
-0.862233
-1.513699
-0.344893
0.574822
0.756849
0.105384
-0.938876
-0.565242
-0.268250
0.603563
1.868172
1.973556
1.532859
1.944815
2.251387
1.906494
1.379573
-0.095804
-0.421536
-0.201188
-0.833492
-1.130484
-1.274189
0.009580
0.986778
0.459858
0.574822
0.143706
-0.795171
0.114964
1.398734
1.140064
0.651465
0.431117
0.440697
0.450277
0.335313
0.517340
0.852653
0.766430
0.728108
0.823912
0.632304
0.661046
0.919716
1.657404
1.753208
1.676565
2.011878
1.427475
1.274189
1.571181
1.350832
0.622724
0.287411
1.235868
1.552020
0.852653
0.153286
-0.182027
-0.335313
-0.287411
-0.134125
-0.440697
0.402376
1.408315
0.776010
0.239509
0.354474
1.513699
2.548379
1.925655
1.015519
0.718528
-0.776010
-1.724467
-0.929296
-0.689787
-0.938876
-0.814332
-0.632304
-0.296991
-0.019161
-0.871814
-0.900555
-0.306572
0.958037
2.902852
3.314808
2.768727
2.395093
1.484957
1.053841
1.350832
1.245448
1.073002
1.111323
0.756849
0.479019
0.469438
0.584403
0.881394
0.651465
0.546081
0.862233
1.628663
1.743628
1.178386
0.670626
0.067063
1.005939
1.944815
1.398734
1.628663
1.619083
-0.105384
0.067063
1.255029
0.708947
0.076643
0.402376
0.306572
0.632304
0.411956
-0.306572
0.708947
0.699367
1.187966
2.634602
2.337610
1.331672
0.986778
0.823912
0.383215
1.159225
1.887333
0.881394
0.776010
0.354474
-0.574822
-0.277831
0.603563
1.255029
0.459858
-0.038321
-0.143706
1.034680
1.829851
1.341252
1.609502
0.871814
1.264609
2.548379
1.676565
0.287411
0.009580
0.124545
0.296991
0.747269
0.718528
0.335313
0.277831
0.373634
0.661046
0.795171
1.475377
0.804751
0.009580
0.862233
1.753208
0.938876
-0.057482
1.322091
1.724467
0.555661
0.134125
-0.067063
0.574822
0.996359
-0.277831
-1.973556
-3.017817
-1.532859
0.747269
1.082582
0.498179
0.967617
1.187966
1.283770
1.341252
0.747269
1.456216
2.395093
2.098101
1.839431
1.341252
0.134125
-0.191607
0.277831
0.373634
0.661046
0.306572
-0.718528
-0.344893
0.076643
0.277831
1.350832
1.484957
1.063421
1.350832
1.734047
2.155583
1.858592
-0.488599
-1.465797
-0.201188
0.517340
0.479019
0.344893
0.651465
0.910135
0.795171
0.364054
0.411956
0.804751
2.088521
1.839431
0.852653
1.379573
1.504118
0.699367
0.316152
0.881394
0.536501
0.613144
1.025100
0.354474
0.776010
0.852653
0.028741
0.009580
-0.488599
-1.465797
-2.404673
-2.107682
-0.622724
-0.421536
0.162866
1.053841
0.613144
0.038321
0.632304
1.762788
0.938876
-1.159225
-2.146003
-0.517340
0.239509
-1.369993
-1.504118
-0.459858
-0.095804
0.076643
-0.095804
0.689787
1.302930
0.603563
-0.584403
0.095804
1.274189
1.571181
2.328030
2.193905
1.877753
1.369993
0.756849
0.718528
0.699367
0.450277
0.450277
0.459858
0.335313
0.402376
0.670626
0.804751
1.849012
2.577120
1.935235
1.274189
1.207127
2.404673
2.720825
2.251387
2.768727
2.644182
0.622724
-1.312511
-1.111323
-0.890975
-1.283770
0.134125
2.021458
2.289709
2.050199
2.922013
2.960335
1.379573
1.868172
2.711245
2.126842
2.098101
1.341252
-1.092162
-2.481316
-1.044260
0.249090
0.239509
-0.134125
-0.804751
0.105384
0.661046
-0.431117
-0.335313
0.335313
1.015519
0.958037
0.938876
1.542440
1.456216
1.896913
1.245448
-1.628663
-2.366352
-0.986778
-0.584403
-0.153286
0.411956
0.431117
0.450277
0.823912
1.235868
1.063421
0.737689
0.833492
0.996359
1.686145
2.260967
2.893272
2.701665
1.628663
2.356771
2.442995
1.753208
2.165164
2.232226
1.896913
1.992717
1.666985
0.900555
0.546081
-0.114964
-0.182027
0.402376
-0.057482
-0.766430
0.000000
0.488599
0.469438
2.059780
3.046558
2.280128
1.801110
1.571181
0.977198
0.699367
0.450277
-0.411956
-0.689787
-0.814332
-1.983137
-1.542440
0.258670
0.977198
0.823912
1.734047
2.155583
1.130484
0.038321
-0.479019
0.258670
1.963976
1.532859
-0.028741
0.105384
0.172447
0.201188
0.459858
0.574822
0.392795
0.306572
0.507760
0.728108
0.708947
0.938876
0.929296
1.408315
2.002298
2.165164
2.232226
1.772369
2.299289
2.912433
2.098101
1.101743
0.383215
-0.316152
-1.005939
-0.843073
-0.153286
-0.316152
0.459858
0.699367
-0.172447
-0.450277
0.277831
0.737689
0.335313
0.890975
1.025100
0.718528
1.197546
1.168805
1.159225
2.998656
2.989076
1.389154
1.628663
1.619083
0.756849
1.331672
2.098101
0.728108
-0.277831
-0.009580
1.101743
2.471736
2.136423
1.484957
1.053841
0.613144
0.526920
0.000000
-0.622724
-1.034680
-0.852653
-0.038321
0.593983
0.641885
0.546081
0.737689
0.833492
0.756849
0.718528
0.574822
0.392795
1.532859
1.446636
0.795171
1.226287
1.063421
1.350832
1.609502
1.484957
0.689787
0.076643
0.402376
0.306572
0.747269
0.469438
-0.402376
0.670626
1.408315
1.389154
0.766430
-0.258670
0.124545
0.421536
-0.785590
-0.373634
0.929296
0.795171
0.613144
0.651465
0.421536
0.191607
-0.526920
-0.986778
-0.220349
0.632304
0.287411
-0.239509
0.622724
1.025100
0.354474
1.025100
2.193905
1.638243
1.743628
2.289709
1.187966
-0.182027
-0.086223
-0.047902
-1.005939
-0.593983
0.086223
0.153286
0.316152
0.392795
0.431117
0.565242
0.632304
0.536501
0.737689
0.958037
1.801110
1.944815
2.011878
1.791529
1.207127
1.781949
2.184325
1.877753
2.222646
2.136423
0.383215
-1.053841
-0.498179
0.258670
-0.134125
0.057482
0.517340
0.728108
1.073002
1.724467
2.280128
1.552020
1.580761
2.337610
1.944815
1.638243
1.379573
0.517340
-0.747269
-0.593983
-0.287411
-0.747269
-0.229929
0.747269
0.718528
0.450277
0.574822
0.507760
0.977198
1.801110
1.695726
0.670626
-0.182027
0.153286
0.804751
1.475377
1.178386
0.057482
-0.593983
-0.526920
0.239509
0.479019
0.344893
0.277831
0.373634
0.421536
0.555661
0.747269
0.469438
0.095804
1.638243
2.730406
2.251387
2.155583
2.107682
2.577120
2.423834
1.005939
0.095804
-0.076643
-1.025100
-0.852653
0.335313
0.153286
-0.670626
-0.316152
-0.153286
0.172447
1.302930
2.567539
2.548379
0.201188
0.459858
1.561600
1.216707
1.063421
1.111323
1.743628
1.053841
-0.373634
-0.546081
-0.747269
-1.092162
-0.392795
0.182027
0.201188
0.459858
1.810690
2.318450
1.810690
1.944815
1.887333
1.983137
2.270548
2.653763
1.609502
-0.239509
-0.364054
-0.910135
-1.781949
-0.833492
0.220349
0.593983
0.641885
0.661046
0.919716
0.919716
0.795171
0.737689
0.958037
2.165164
2.356771
2.452575
2.490896
1.283770
1.705306
2.021458
1.437056
1.034680
0.603563
1.015519
1.571181
1.226287
0.325733
-0.220349
0.622724
1.025100
-0.383215
-0.431117
0.651465
0.057482
0.143706
1.532859
1.820271
0.967617
1.063421
1.226287
0.201188
-0.890975
-1.034680
-0.364054
0.555661
1.484957
0.814332
0.009580
-0.862233
-1.753208
0.153286
2.653763
2.462155
0.900555
0.172447
1.063421
1.475377
0.316152
-0.593983
-0.900555
-0.670626
0.047902
0.507760
0.728108
0.708947
0.699367
1.053841
0.986778
0.823912
0.871814
0.776010
0.603563
0.402376
1.168805
1.887333
1.858592
1.849012
1.350832
1.734047
1.916074
1.379573
2.117262
2.701665
1.504118
0.335313
0.766430
0.354474
-0.459858
1.255029
2.797468
1.542440
0.593983
0.641885
0.172447
-0.661046
0.546081
1.973556
2.021458
2.414253
1.858592
0.249090
-0.258670
0.977198
1.187966
0.555661
0.622724
0.900555
1.159225
1.025100
1.216707
1.302930
1.341252
2.222646
2.385512
2.088521
1.705306
0.919716
1.283770
2.069360
1.207127
0.440697
0.450277
0.699367
0.814332
0.507760
0.354474
0.287411
0.622724
0.900555
0.785590
0.737689
0.958037
1.178386
1.906494
2.241807
2.021458
1.312511
0.364054
1.274189
1.820271
1.216707
0.440697
0.574822
1.858592
2.213066
0.910135
-0.316152
0.335313
0.028741
-0.479019
0.996359
0.833492
-0.105384
0.680206
0.555661
-0.114964
0.431117
1.063421
0.862233
0.641885
1.274189
2.433414
2.605861
1.456216
0.182027
0.325733
0.153286
-0.306572
0.593983
1.504118
1.561600
1.216707
1.666985
1.513699
0.948457
1.666985
1.887333
0.383215
-0.316152
0.095804
-0.574822
-1.255029
-0.718528
-0.095804
0.201188
0.086223
0.277831
0.862233
1.140064
1.264609
1.322091
1.350832
1.360413
2.232226
3.008236
2.874111
2.442995
2.366352
3.554318
3.496835
2.490896
2.634602
2.203485
0.661046
-0.431117
-0.574822
-0.641885
-0.919716
0.421536
1.791529
1.073002
0.373634
0.296991
0.747269
0.469438
0.823912
1.609502
0.747269
0.469438
0.948457
1.427475
0.785590
-0.622724
-0.661046
-0.316152
-0.277831
0.229929
0.469438
0.833492
1.245448
2.174744
2.366352
1.465797
1.293350
2.193905
2.375932
0.613144
0.162866
0.565242
0.383215
-0.067063
-0.651465
-0.555661
-0.143706
0.057482
0.517340
1.101743
1.005939
0.593983
0.392795
0.431117
0.814332
1.111323
2.241807
2.644182
1.599922
1.111323
1.619083
3.209424
3.333969
1.925655
1.015519
0.469438
-0.392795
-0.804751
0.229929
0.593983
0.153286
1.293350
2.692084
1.992717
0.191607
-0.287411
0.728108
0.699367
0.450277
0.699367
0.201188
-0.277831
-0.009580
0.728108
0.210768
-0.641885
-0.306572
-0.143706
-0.316152
0.459858
0.823912
0.134125
0.057482
0.756849
0.718528
0.086223
0.402376
1.906494
1.868172
1.111323
1.743628
1.427475
0.172447
0.201188
0.948457
0.316152
0.019161
0.622724
0.776010
0.603563
0.651465
0.910135
0.919716
0.795171
0.488599
0.105384
1.025100
1.705306
2.146003
2.222646
1.896913
2.969915
2.854951
2.069360
1.695726
1.283770
0.344893
0.277831
0.613144
-0.086223
-0.411956
0.047902
0.383215
0.296991
0.258670
0.114964
0.421536
1.178386
2.385512
2.711245
2.241807
0.804751
-0.364054
0.680206
1.781949
1.446636
1.044260
0.852653
-0.220349
-0.718528
0.019161
0.249090
-0.373634
-0.421536
-0.325733
0.335313
1.868172
2.471736
1.887333
1.120903
0.277831
-0.114964
0.795171
1.226287
-0.038321
-0.517340
0.000000
0.124545
0.172447
0.201188
0.459858
0.948457
0.929296
0.555661
0.622724
0.536501
1.101743
0.517340
-0.622724
0.191607
1.935235
2.739986
2.011878
1.916074
1.628663
1.005939
1.820271
3.554318
2.883692
1.101743
1.005939
0.708947
-0.536501
-0.249090
0.613144
0.162866
1.053841
1.101743
-0.105384
0.555661
1.360413
1.245448
1.197546
1.532859
0.708947
-1.025100
-1.954396
-0.795171
0.603563
0.651465
0.057482
-0.344893
0.325733
0.881394
1.149644
1.264609
1.322091
1.475377
1.417895
1.638243
1.504118
1.312511
1.226287
0.689787
0.450277
0.086223
0.153286
0.316152
0.143706
0.306572
0.632304
0.910135
0.785590
0.488599
0.469438
0.584403
1.369993
1.983137
2.270548
2.165164
0.517340
0.603563
1.504118
1.686145
2.500477
2.510057
0.919716
-0.182027
0.766430
0.718528
-0.038321
0.469438
1.073002
0.622724
-0.450277
-0.584403
-0.153286
0.047902
0.268250
0.488599
1.456216
2.270548
2.289709
2.050199
1.322091
1.350832
0.996359
-0.028741
0.593983
1.130484
0.776010
0.728108
0.210768
0.344893
0.526920
1.465797
2.893272
3.065719
2.778308
2.404673
1.360413
0.268250
1.101743
1.494538
0.814332
0.507760
0.354474
0.287411
0.134125
0.182027
0.574822
0.632304
0.536501
0.373634
0.172447
0.201188
1.073002
1.724467
2.395093
2.835790
1.810690
1.954396
2.749567
2.385512
2.213066
1.887333
0.019161
-1.465797
-0.814332
-0.134125
-0.440697
0.153286
0.440697
1.063421
1.599922
0.622724
0.162866
0.565242
0.632304
0.162866
1.542440
1.944815
0.661046
1.044260
1.341252
1.609502
1.111323
-0.220349
-0.843073
-1.379573
-2.251387
-1.302930
0.124545
0.546081
0.613144
0.287411
0.249090
1.216707
2.040619
1.322091
0.737689
-0.153286
-1.666985
-1.159225
0.440697
0.201188
-0.153286
0.047902
0.268250
0.488599
0.593983
0.766430
0.603563
0.277831
0.249090
0.479019
1.695726
1.896913
1.130484
0.890975
0.785590
1.590342
1.839431
1.226287
1.187966
1.532859
2.184325
1.379573
0.153286
-0.172447
-0.823912
-0.517340
0.124545
-0.440697
-0.699367
0.402376
0.919716
0.431117
0.316152
0.641885
1.274189
0.593983
0.268250
0.249090
-0.009580
0.852653
0.756849
-0.258670
-0.613144
-1.274189
-1.580761
-0.134125
0.546081
0.622724
1.513699
1.935235
1.264609
1.207127
1.044260
1.341252
1.360413
1.120903
1.130484
0.277831
-0.239509
-0.488599
-0.354474
-0.047902
0.095804
0.287411
0.622724
0.900555
0.910135
0.795171
0.737689
0.584403
1.255029
1.686145
2.136423
2.835790
2.423834
2.730406
2.864531
1.456216
1.293350
1.829851
0.239509
-0.507760
-0.239509
-0.613144
-0.785590
0.613144
1.389154
0.641885
0.670626
1.657404
1.513699
0.335313
1.264609
1.935235
2.126842
3.199844
2.107682
-1.360413
-2.232226
-0.680206
-0.076643
-0.776010
-0.737689
0.632304
1.025100
1.456216
2.031039
1.312511
0.239509
1.216707
2.040619
1.312511
1.590342
1.724467
0.057482
-0.958037
-0.210768
-0.105384
-0.296991
-0.019161
0.479019
0.708947
0.814332
0.871814
0.776010
0.354474
0.038321
0.019161
0.249090
0.603563
1.140064
1.264609
1.695726
2.385512
2.088521
1.465797
1.053841
1.590342
2.586700
2.682504
2.471736
1.762788
1.187966
0.555661
-0.479019
-0.105384
0.555661
0.009580
-0.862233
-0.900555
-0.546081
-0.507760
-0.239509
0.622724
1.389154
0.651465
-0.680206
-0.565242
0.344893
0.402376
-0.555661
0.105384
1.149644
0.411956
0.680206
0.680206
-0.546081
-1.120903
-1.513699
-0.708947
0.153286
-0.047902
-0.402376
0.546081
1.350832
0.756849
0.958037
1.178386
0.546081
0.258670
0.488599
0.593983
0.402376
0.431117
0.316152
0.392795
0.546081
0.373634
0.172447
0.316152
1.992717
2.644182
2.586700
2.184325
1.140064
2.375932
3.190264
1.858592
0.862233
0.402376
-0.555661
-1.734047
-1.427475
-0.306572
0.469438
1.322091
0.977198
0.210768
0.095804
0.651465
0.919716
1.283770
2.567539
2.423834
0.756849
-0.756849
-1.216707
0.287411
2.222646
2.136423
0.996359
0.708947
1.187966
1.044260
0.852653
0.277831
-0.364054
0.440697
1.178386
1.532859
1.935235
2.625022
2.816629
2.050199
1.935235
1.638243
0.268250
-0.249090
0.373634
0.785590
0.488599
0.220349
0.229929
0.344893
0.651465
0.670626
0.431117
0.450277
0.699367
0.565242
1.734047
2.404673
1.609502
1.245448
1.561600
2.193905
2.126842
1.475377
1.178386
0.910135
-1.178386
-1.906494
-0.402376
-0.440697
-1.437056
-1.044260
0.000000
0.114964
0.546081
0.986778
1.437056
1.408315
0.651465
1.657404
2.002298
1.417895
1.149644
1.149644
1.274189
0.708947
0.086223
0.277831
1.849012
2.088521
0.354474
0.038321
0.632304
0.287411
-0.603563
-0.536501
0.354474
0.162866
1.053841
1.839431
0.977198
0.574822
0.268250
-0.249090
0.000000
0.000000
-0.373634
0.191607
0.699367
0.814332
0.871814
0.776010
0.603563
0.526920
0.488599
0.469438
1.446636
1.781949
1.197546
1.417895
1.513699
1.686145
1.638243
1.130484
0.651465
0.296991
0.507760
1.580761
1.714886
1.168805
1.034680
0.728108
0.833492
1.609502
2.098101
1.590342
0.986778
-0.028741
-0.019161
1.829851
2.816629
1.925655
1.264609
1.810690
1.331672
0.124545
-0.680206
-1.302930
-1.226287
-0.335313
-0.162866
-0.076643
0.574822
0.871814
0.038321
0.134125
1.532859
1.446636
1.408315
1.513699
1.446636
1.283770
0.354474
-0.699367
0.038321
0.996359
0.335313
0.277831
0.613144
0.536501
0.373634
0.661046
0.795171
0.613144
0.651465
0.546081
0.996359
1.197546
1.417895
1.513699
0.459858
0.948457
1.552020
1.216707
1.791529
2.184325
1.877753
1.245448
0.335313
-0.095804
0.201188
0.459858
1.073002
1.111323
0.881394
0.900555
1.398734
1.504118
1.686145
2.500477
3.257326
2.375932
0.613144
1.264609
1.695726
1.274189
0.718528
-0.162866
-1.302930
-1.839431
-0.747269
-0.105384
0.316152
1.983137
3.870470
3.525577
2.385512
2.701665
2.241807
1.044260
0.977198
0.699367
-0.172447
-0.574822
-0.028741
0.718528
0.574822
0.632304
0.785590
0.613144
0.651465
0.910135
0.795171
0.488599
0.593983
0.890975
1.638243
1.619083
1.734047
1.666985
1.025100
2.193905
2.979495
2.375932
2.577120
2.548379
0.450277
-0.402376
0.296991
0.383215
0.421536
0.076643
-1.197546
-0.814332
-0.507760
-1.590342
-0.498179
0.124545
-1.168805
-1.293350
0.124545
-0.067063
-0.402376
0.661046
1.168805
1.523279
0.958037
0.929296
1.044260
0.114964
0.661046
0.795171
0.124545
0.795171
0.852653
-0.459858
-0.344893
0.938876
0.431117
0.325733
1.255029
0.335313
-0.459858
-0.344893
-0.287411
0.354474
0.402376
-0.057482
-0.028741
0.229929
0.593983
0.641885
0.785590
0.852653
0.890975
1.025100
1.954396
2.625022
2.701665
2.490896
1.034680
1.341252
2.098101
1.714886
1.781949
1.935235
2.126842
1.484957
0.201188
-0.766430
-1.101743
0.833492
2.835790
2.423834
2.232226
3.008236
2.136423
-0.229929
0.009580
0.986778
1.437056
1.896913
1.868172
2.586700
1.571181
-0.009580
0.479019
0.344893
-0.708947
-1.322091
-0.871814
0.086223
0.402376
1.542440
1.695726
0.910135
1.159225
2.385512
2.337610
1.331672
1.973556
1.657404
-0.086223
-0.287411
-0.268250
-0.622724
0.067063
0.766430
0.967617
0.938876
0.680206
0.440697
0.450277
0.574822
0.507760
0.603563
1.877753
1.609502
0.507760
-0.009580
-0.134125
1.647824
2.366352
1.226287
0.689787
0.440697
0.565242
1.734047
1.666985
0.651465
-0.191607
-0.708947
-1.073002
-0.632304
-0.421536
-0.938876
-0.565242
0.833492
1.743628
1.053841
1.475377
1.178386
0.421536
1.417895
1.523279
0.584403
-0.220349
-0.354474
-0.047902
0.584403
0.028741
-0.728108
0.143706
-0.057482
-0.277831
0.354474
0.287411
0.249090
-0.373634
-0.670626
0.296991
0.622724
0.776010
0.364054
-0.574822
-0.517340
-0.249090
0.124545
0.670626
0.795171
0.613144
0.536501
0.613144
0.776010
1.092162
1.245448
2.299289
2.423834
1.868172
1.724467
1.293350
1.705306
1.772369
1.312511
1.350832
1.609502
2.098101
1.954396
1.398734
1.015519
0.843073
0.881394
0.411956
0.555661
0.871814
0.402376
0.306572
-0.105384
-1.283770
-1.465797
-0.450277
0.153286
0.067063
1.005939
1.082582
0.009580
-0.862233
-0.900555
-0.172447
-0.450277
-2.059780
-2.692084
-1.628663
-0.402376
0.296991
0.871814
1.140064
0.651465
0.057482
0.143706
0.555661
1.609502
1.120903
-0.220349
0.143706
0.057482
0.268250
0.737689
0.459858
0.459858
1.073002
1.111323
0.881394
0.776010
0.603563
0.651465
2.146003
2.845370
2.797468
2.778308
2.519638
3.142362
2.941174
2.232226
2.021458
1.801110
0.833492
0.756849
1.456216
0.919716
-0.191607
-0.459858
-1.082582
-0.632304
0.565242
0.383215
0.795171
1.590342
1.599922
1.599922
2.462155
2.251387
1.293350
1.341252
1.235868
0.699367
0.450277
0.086223
-0.948457
-1.302930
-0.373634
-0.421536
-0.689787
-0.201188
0.019161
1.360413
2.107682
1.465797
1.293350
1.341252
1.360413
0.871814
-0.948457
-1.063421
-0.009580
-0.498179
-0.239509
0.498179
0.469438
0.335313
0.766430
0.852653
0.517340
0.488599
0.469438
0.459858
1.437056
2.146003
1.494538
0.814332
1.360413
2.969915
3.104040
2.308869
2.797468
2.529218
0.689787
0.191607
0.823912
0.996359
0.220349
-0.392795
-0.306572
-0.392795
-0.316152
-0.153286
0.172447
0.201188
1.312511
1.963976
0.795171
0.977198
1.187966
-0.306572
-1.130484
0.201188
0.948457
-0.172447
0.277831
0.737689
-0.766430
-1.465797
-0.689787
0.411956
1.532859
1.571181
0.977198
1.801110
2.557959
2.050199
2.059780
1.446636
-0.067063
-0.277831
0.728108
1.312511
1.101743
1.120903
0.766430
0.479019
0.833492
1.120903
0.890975
0.536501
0.498179
0.718528
1.437056
2.385512
3.199844
3.333969
2.538798
2.529218
2.653763
1.599922
1.599922
2.222646
2.011878
1.063421
-0.364054
-0.795171
-1.235868
-1.322091
0.114964
1.034680
0.852653
0.268250
0.364054
0.900555
1.159225
0.536501
0.488599
1.207127
1.417895
1.274189
0.718528
1.312511
1.341252
0.622724
0.661046
1.044260
1.216707
1.178386
1.772369
1.810690
0.843073
1.005939
2.059780
2.557959
3.151942
2.577120
0.833492
0.019161
0.613144
0.776010
-0.134125
-0.191607
0.153286
0.191607
0.210768
0.095804
0.038321
-0.105384
-0.057482
0.335313
0.402376
0.680206
1.657404
1.753208
0.938876
0.680206
0.316152
1.245448
1.925655
1.264609
0.459858
-0.402376
0.536501
1.599922
1.475377
0.814332
0.009580
0.000000
0.114964
0.172447
-0.785590
-1.599922
-0.019161
0.105384
-1.676565
-1.647824
0.210768
1.073002
1.360413
2.471736
2.260967
0.804751
-0.364054
0.067063
0.517340
0.239509
0.718528
0.459858
-0.038321
0.593983
0.890975
0.172447
0.689787
1.916074
2.117262
1.475377
0.804751
0.249090
0.479019
0.708947
0.201188
0.335313
0.402376
0.431117
0.565242
0.507760
0.354474
0.526920
0.737689
0.584403
0.153286
0.306572
1.619083
1.858592
2.337610
2.318450
0.708947
1.312511
2.203485
1.638243
1.379573
1.255029
0.210768
-0.153286
0.172447
-0.296991
-1.369993
-0.517340
1.226287
1.427475
1.398734
1.015519
0.718528
0.086223
1.264609
2.548379
1.552020
1.092162
0.756849
-0.632304
-2.136423
-1.619083
-1.005939
-1.331672
-0.632304
-0.172447
-0.574822
-0.890975
0.191607
1.063421
0.737689
2.059780
2.557959
0.823912
1.120903
1.992717
0.929296
-0.680206
-0.316152
0.459858
-0.153286
-0.814332
-0.632304
0.316152
0.632304
0.661046
0.795171
0.737689
0.469438
0.459858
0.699367
0.689787
1.801110
2.682504
2.481316
1.772369
0.699367
0.938876
1.417895
1.149644
1.398734
1.264609
-0.517340
-1.714886
-0.565242
-0.019161
-0.632304
-0.057482
0.584403
0.756849
0.718528
0.584403
0.756849
0.229929
0.593983
1.379573
1.504118
1.063421
0.613144
1.389154
0.153286
-1.159225
-0.546081
-0.383215
0.670626
1.906494
1.628663
0.881394
0.651465
0.795171
0.249090
0.843073
1.245448
0.948457
0.929296
1.044260
1.590342
1.226287
0.201188
-0.526920
-0.747269
-0.967617
-0.823912
-0.268250
0.239509
0.593983
0.526920
0.364054
0.411956
0.804751
0.862233
0.526920
0.977198
0.823912
0.383215
0.910135
1.408315
1.264609
1.322091
2.462155
2.375932
1.226287
1.063421
0.986778
0.086223
-1.073002
-1.609502
-1.619083
-1.130484
-1.389154
-2.002298
-0.938876
0.287411
0.498179
1.341252
3.209424
3.219005
2.232226
1.657404
1.140064
1.140064
1.149644
0.900555
0.421536
0.316152
-0.220349
-1.705306
-2.404673
-1.619083
-0.641885
-0.546081
0.718528
1.561600
1.216707
1.053841
1.475377
1.916074
1.379573
1.743628
1.676565
1.025100
0.843073
0.756849
0.354474
0.162866
0.440697
0.814332
1.111323
1.255029
1.073002
0.622724
0.661046
1.896913
1.868172
0.871814
0.890975
1.149644
2.136423
2.347191
1.705306
1.159225
1.034680
0.114964
-0.440697
0.526920
0.239509
-0.756849
1.111323
2.232226
1.044260
0.852653
0.641885
1.034680
1.465797
1.417895
1.762788
2.289709
1.561600
0.479019
0.344893
0.776010
0.728108
-0.153286
-0.565242
-1.005939
-1.331672
-0.383215
0.431117
0.201188
1.073002
1.360413
0.383215
0.296991
1.609502
2.222646
1.523279
1.446636
1.283770
0.354474
-0.335313
-0.651465
-0.555661
0.105384
0.536501
0.613144
0.411956
0.680206
1.053841
0.852653
0.517340
0.613144
0.776010
1.465797
2.644182
3.448934
2.835790
1.322091
1.599922
2.222646
1.523279
0.833492
0.756849
1.705306
2.759147
2.260967
1.542440
1.456216
0.795171
-0.124545
0.680206
1.053841
-0.373634
0.067063
0.641885
0.047902
-0.105384
0.680206
1.044260
0.728108
1.073002
0.996359
0.584403
-0.344893
-0.287411
1.082582
0.871814
-0.699367
-1.063421
0.229929
0.843073
0.392795
1.408315
1.877753
1.245448
0.450277
-0.277831
0.354474
0.900555
0.421536
-0.421536
-0.450277
-0.095804
0.316152
0.756849
0.718528
0.584403
0.517340
0.114964
0.047902
0.383215
0.421536
0.191607
1.312511
1.714886
1.044260
1.216707
0.938876
1.044260
0.977198
0.699367
0.565242
0.258670
1.101743
2.107682
1.714886
0.919716
-0.057482
0.095804
0.776010
0.114964
-0.316152
-0.766430
-0.239509
0.862233
1.255029
1.935235
1.389154
-0.086223
-0.411956
1.034680
2.442995
1.379573
0.392795
0.431117
-0.661046
-1.417895
-0.421536
0.536501
0.613144
1.762788
1.801110
-0.268250
-0.862233
0.823912
1.973556
1.781949
2.174744
2.481316
1.159225
0.047902
-0.105384
-0.296991
0.095804
0.536501
0.613144
0.526920
0.364054
0.296991
0.383215
0.546081
0.498179
0.593983
1.868172
2.222646
2.260967
2.280128
2.040619
2.787888
2.893272
1.839431
1.590342
1.475377
0.067063
-0.335313
-0.287411
-0.258670
-0.124545
-0.919716
-1.168805
-0.431117
-0.086223
0.086223
0.890975
1.762788
1.561600
0.967617
1.925655
2.375932
2.088521
2.318450
1.571181
0.488599
-0.392795
-0.680206
-0.938876
-0.938876
-1.063421
-1.111323
-0.651465
0.670626
2.155583
2.969915
2.366352
0.728108
1.197546
1.666985
0.038321
-0.718528
-0.344893
-0.661046
-0.316152
0.335313
0.277831
0.373634
0.536501
0.613144
0.536501
0.373634
0.536501
0.737689
0.958037
0.814332
1.609502
2.222646
2.510057
2.644182
1.963976
3.008236
3.362710
1.935235
1.149644
1.513699
0.210768
-1.379573
-0.526920
-0.009580
-0.498179
0.373634
0.661046
-0.431117
-0.325733
0.459858
0.948457
1.053841
0.977198
1.073002
1.973556
2.395093
1.609502
1.858592
2.462155
1.025100
-0.383215
-0.306572
-0.028741
0.479019
1.322091
1.350832
0.383215
0.546081
0.009580
-1.350832
-0.517340
0.613144
1.025100
1.207127
1.053841
0.000000
-0.009580
0.603563
0.153286
0.440697
0.689787
0.689787
0.689787
0.565242
0.632304
0.785590
0.852653
0.641885
0.296991
0.009580
1.475377
3.142362
2.692084
1.868172
1.484957
2.040619
2.423834
1.255029
-0.277831
-0.383215
0.306572
1.005939
1.571181
1.226287
0.565242
0.507760
0.354474
0.651465
0.670626
-0.306572
-0.028741
-0.019161
-1.360413
-0.890975
1.542440
2.069360
1.331672
1.599922
1.484957
1.178386
0.670626
-0.670626
-1.178386
-0.804751
-1.245448
-1.571181
-0.488599
-0.114964
-0.057482
1.810690
3.420192
3.075299
2.165164
1.494538
0.948457
-0.172447
-0.210768
0.268250
-0.862233
-0.776010
0.124545
-0.067063
-0.162866
0.047902
0.507760
0.728108
0.459858
0.335313
0.526920
0.613144
1.638243
2.107682
0.737689
0.095804
0.411956
2.031039
2.787888
1.916074
2.366352
2.328030
0.354474
-0.574822
-0.153286
-0.201188
-0.584403
-0.277831
-0.134125
-0.316152
-0.517340
-0.613144
0.076643
0.890975
1.389154
1.379573
1.379573
1.130484
0.277831
-0.114964
-0.306572
-0.517340
-0.249090
-0.364054
-0.421536
-0.689787
-0.450277
-0.459858
-0.833492
0.095804
0.287411
-1.101743
-1.140064
0.814332
1.226287
0.689787
1.302930
1.705306
0.795171
0.000000
0.364054
0.776010
0.603563
0.277831
0.373634
0.661046
0.555661
0.622724
0.785590
0.728108
0.708947
0.814332
1.849012
1.724467
1.044260
1.226287
1.676565
1.877753
1.369993
1.743628
0.689787
-0.047902
0.708947
0.574822
0.392795
0.057482
-0.469438
0.632304
0.785590
-1.360413
-1.255029
0.143706
0.670626
0.431117
0.076643
0.277831
0.862233
1.015519
0.718528
-0.162866
-0.201188
1.130484
1.140064
0.153286
-0.172447
-0.335313
-1.389154
-1.264609
-0.354474
-0.172447
-0.325733
0.086223
0.651465
1.408315
1.274189
0.469438
0.584403
1.255029
1.197546
0.306572
0.632304
0.536501
0.498179
0.718528
0.459858
0.335313
0.526920
0.852653
0.766430
0.603563
0.651465
0.546081
1.360413
1.743628
1.302930
1.465797
1.781949
2.059780
1.695726
1.034680
-0.258670
-0.488599
1.120903
1.619083
0.632304
0.047902
0.507760
0.967617
0.823912
0.996359
0.948457
0.076643
-0.335313
-0.776010
-0.249090
1.599922
1.484957
0.689787
1.302930
0.603563
-0.335313
0.574822
0.756849
0.105384
0.536501
-0.373634
-2.260967
-1.312511
0.488599
1.082582
0.383215
0.536501
1.226287
0.938876
0.804751
1.350832
1.983137
1.906494
1.868172
1.360413
0.507760
0.354474
0.536501
0.249090
0.229929
0.354474
0.287411
0.258670
0.239509
0.354474
0.411956
0.431117
2.165164
2.730406
1.887333
1.369993
0.756849
1.092162
1.609502
1.120903
1.504118
1.801110
-0.392795
-1.293350
-0.613144
-0.172447
0.411956
0.919716
0.306572
-0.354474
-0.536501
-0.498179
0.124545
0.910135
0.795171
0.613144
1.762788
2.289709
1.925655
1.638243
1.983137
1.781949
0.833492
0.507760
0.479019
-0.143706
0.047902
0.881394
0.526920
0.364054
0.536501
0.737689
1.082582
2.222646
2.136423
1.120903
2.241807
2.893272
1.101743
0.019161
0.124545
0.057482
0.392795
0.919716
1.034680
0.728108
0.833492
0.881394
0.536501
0.488599
0.718528
0.948457
2.280128
2.414253
1.619083
1.120903
0.766430
2.193905
2.375932
0.737689
0.833492
1.120903
-0.708947
-1.571181
-0.862233
-0.526920
-0.862233
-0.287411
0.105384
-0.450277
-0.584403
0.086223
0.651465
0.546081
1.235868
1.561600
0.843073
0.756849
0.229929
-0.507760
0.000000
0.364054
0.047902
0.019161
0.613144
0.776010
0.114964
0.172447
1.178386
1.283770
1.705306
3.372291
3.535157
2.011878
1.302930
1.341252
0.747269
1.082582
1.484957
0.450277
0.086223
0.402376
0.680206
0.680206
0.565242
0.507760
0.354474
0.287411
0.373634
0.546081
0.249090
0.114964
0.910135
1.398734
2.126842
2.462155
1.762788
1.676565
1.638243
0.881394
0.287411
0.258670
-0.009580
0.852653
1.504118
0.823912
0.134125
-0.306572
-1.005939
-0.603563
0.574822
0.632304
0.661046
1.044260
1.216707
1.053841
1.226287
1.063421
1.475377
2.404673
1.734047
0.067063
-0.833492
-0.028741
0.593983
0.402376
0.431117
0.325733
0.143706
0.306572
-0.469438
-0.095804
2.165164
1.992717
1.293350
1.705306
1.283770
1.082582
1.734047
1.542440
0.105384
-0.325733
0.210768
0.095804
0.162866
0.440697
0.689787
0.689787
0.565242
0.507760
0.603563
0.890975
2.011878
2.165164
1.494538
1.312511
0.728108
1.073002
1.360413
1.369993
1.369993
1.005939
0.593983
1.255029
1.446636
0.182027
-0.287411
0.229929
0.105384
-0.938876
-0.938876
0.661046
1.417895
1.149644
2.251387
2.893272
1.839431
1.101743
0.019161
-1.714886
-1.666985
-0.287411
-0.143706
-1.178386
-0.316152
0.584403
-0.220349
-0.967617
-0.459858
0.392795
0.431117
1.053841
1.599922
1.111323
1.130484
1.264609
1.322091
2.088521
1.705306
0.919716
0.546081
0.249090
0.239509
0.479019
0.708947
0.574822
0.392795
0.546081
0.622724
0.536501
0.613144
0.526920
1.839431
2.088521
1.216707
1.666985
1.389154
0.651465
0.546081
1.724467
1.417895
0.172447
1.178386
2.146003
1.734047
1.178386
1.283770
0.354474
-0.210768
1.005939
1.322091
0.862233
0.402376
0.182027
1.437056
2.385512
2.098101
1.590342
1.475377
1.302930
0.728108
0.708947
0.201188
-1.015519
-0.852653
-0.526920
-1.599922
-0.507760
0.498179
0.229929
0.344893
0.526920
0.737689
1.695726
2.136423
1.360413
1.369993
1.369993
0.392795
-0.306572
0.459858
0.823912
0.507760
0.728108
0.699367
0.450277
0.823912
0.622724
0.162866
0.440697
0.574822
0.268250
0.977198
0.325733
-0.833492
0.095804
1.762788
2.663343
2.471736
3.238165
2.989076
1.638243
1.868172
1.849012
0.986778
-0.153286
-1.178386
-1.053841
-0.249090
-0.613144
-1.025100
0.373634
1.034680
0.354474
1.149644
1.887333
1.369993
1.245448
1.312511
1.101743
1.005939
0.469438
-0.038321
0.469438
0.220349
-0.641885
-0.555661
-0.756849
-0.728108
-0.095804
0.191607
0.450277
0.699367
0.325733
-0.469438
0.756849
1.580761
0.862233
1.877753
2.098101
1.101743
0.632304
0.536501
0.986778
1.073002
0.986778
0.708947
0.699367
1.053841
1.101743
0.507760
0.239509
1.331672
1.360413
0.632304
1.034680
1.092162
0.756849
0.469438
1.446636
1.657404
1.140064
1.628663
1.369993
1.619083
1.609502
0.747269
0.843073
-0.095804
-2.136423
-2.720825
-1.149644
0.191607
-0.038321
0.843073
2.481316
2.874111
2.442995
2.002298
1.053841
-0.373634
0.440697
1.178386
0.306572
-0.229929
-1.216707
-2.165164
-2.366352
-0.986778
0.517340
0.728108
1.446636
2.146003
1.609502
1.120903
1.628663
1.494538
1.302930
2.203485
2.011878
0.938876
0.555661
0.871814
0.900555
0.661046
0.555661
0.622724
0.661046
0.555661
0.622724
0.536501
0.373634
0.910135
1.772369
2.548379
2.289709
1.187966
1.781949
2.184325
1.140064
-0.086223
-0.785590
0.488599
2.069360
1.331672
0.498179
0.354474
-0.823912
-1.494538
-0.335313
0.574822
0.268250
1.226287
0.814332
-0.728108
-0.220349
0.996359
0.708947
0.076643
0.402376
0.431117
0.076643
-0.335313
0.574822
-0.229929
-1.705306
-0.680206
0.900555
1.034680
1.216707
1.302930
0.603563
1.628663
2.232226
1.647824
1.868172
2.222646
1.647824
0.526920
-0.613144
-1.034680
-0.613144
-0.172447
0.287411
0.498179
0.479019
0.708947
0.938876
0.804751
0.622724
0.536501
0.249090
1.590342
1.724467
0.555661
0.871814
1.015519
0.593983
0.890975
1.887333
2.232226
1.896913
1.494538
2.040619
1.810690
0.593983
-0.459858
0.517340
1.092162
0.143706
0.670626
1.781949
1.686145
1.034680
2.318450
3.171103
2.088521
1.216707
0.938876
0.431117
0.076643
0.153286
-0.661046
-1.417895
-1.159225
-0.306572
0.220349
0.469438
0.948457
1.666985
1.638243
0.756849
0.229929
0.105384
1.149644
2.002298
1.791529
1.207127
0.680206
-0.047902
-1.504118
-2.184325
-1.149644
0.191607
0.574822
0.517340
0.728108
0.708947
0.574822
0.632304
0.910135
1.159225
2.375932
3.324389
3.266906
2.136423
0.134125
0.670626
2.031039
1.073002
0.498179
0.967617
0.699367
0.450277
0.699367
0.814332
-0.354474
-1.034680
-1.101743
-0.517340
0.364054
-0.076643
0.201188
0.095804
-0.450277
-0.095804
0.440697
-0.162866
-0.450277
0.517340
0.114964
-0.804751
-0.996359
-0.593983
-0.038321
0.593983
0.641885
0.296991
0.134125
-0.431117
-1.437056
-0.555661
1.082582
0.996359
0.708947
0.699367
0.565242
0.383215
0.546081
0.249090
0.239509
0.603563
0.641885
0.785590
0.977198
1.073002
1.111323
1.255029
0.948457
0.440697
0.201188
0.459858
1.810690
2.318450
2.433414
2.117262
-0.114964
0.191607
1.312511
1.101743
0.392795
-0.067063
1.187966
2.146003
1.734047
0.565242
0.871814
1.753208
0.814332
-0.479019
0.134125
0.919716
0.670626
0.555661
-0.105384
-0.057482
0.210768
-1.255029
-1.695726
0.182027
0.938876
-0.795171
-1.609502
-0.632304
0.316152
0.756849
0.354474
0.651465
1.283770
0.843073
0.632304
0.785590
0.852653
0.277831
0.000000
-0.249090
-0.249090
0.373634
0.536501
0.488599
-0.019161
-0.134125
0.296991
0.747269
0.843073
0.632304
0.296991
0.373634
0.910135
1.034680
0.967617
0.823912
1.120903
1.379573
1.992717
1.916074
-0.095804
0.201188
1.322091
1.101743
0.881394
0.900555
1.762788
1.437056
0.172447
0.450277
0.450277
-1.389154
-2.251387
-0.814332
-0.019161
0.479019
1.695726
2.260967
1.791529
1.810690
2.557959
2.663343
1.245448
1.063421
1.350832
0.756849
1.082582
-0.105384
-1.523279
-1.082582
-0.632304
-0.182027
0.651465
1.398734
1.264609
1.820271
2.318450
1.322091
1.475377
1.916074
1.504118
1.561600
1.465797
0.431117
0.689787
0.929296
0.680206
0.680206
0.440697
0.450277
0.450277
0.335313
0.402376
0.555661
0.747269
0.958037
2.040619
1.686145
0.536501
0.498179
1.331672
2.088521
1.714886
1.781949
1.197546
0.680206
1.666985
2.375932
1.714886
0.919716
0.555661
0.009580
-0.239509
0.498179
0.718528
-0.038321
-0.019161
-0.134125
1.159225
2.136423
1.360413
0.383215
-0.565242
-0.268250
0.479019
0.344893
-0.584403
-0.402376
-0.316152
-0.641885
0.067063
0.392795
1.044260
1.465797
0.929296
0.795171
0.498179
0.105384
1.398734
2.739986
2.136423
0.996359
1.073002
1.484957
1.666985
1.877753
1.245448
1.073002
0.986778
0.823912
0.996359
0.958037
0.565242
0.507760
0.479019
0.593983
2.117262
2.586700
2.433414
2.605861
1.954396
2.011878
1.676565
0.900555
0.910135
1.159225
2.260967
2.529218
1.666985
1.264609
1.322091
1.350832
1.245448
1.063421
-0.239509
-0.613144
0.201188
0.210768
-0.277831
0.114964
2.011878
3.027397
1.657404
0.766430
0.603563
0.651465
1.523279
1.322091
0.498179
-0.258670
-0.986778
-1.695726
-0.306572
1.207127
0.440697
0.325733
0.028741
-0.728108
-0.718528
0.517340
1.341252
1.849012
2.577120
2.059780
1.820271
1.829851
1.101743
0.881394
1.140064
1.149644
1.025100
1.216707
0.929296
0.555661
0.498179
0.354474
1.762788
2.538798
1.427475
1.159225
1.887333
1.360413
0.881394
1.877753
0.996359
-0.277831
0.967617
2.050199
1.571181
0.852653
0.028741
0.249090
-0.249090
-2.088521
-0.977198
0.641885
0.546081
0.249090
-0.871814
-0.287411
2.069360
2.318450
1.446636
0.795171
-0.373634
0.316152
1.858592
1.724467
1.053841
0.488599
0.469438
0.584403
1.255029
1.197546
0.680206
1.053841
1.101743
1.734047
1.542440
0.843073
1.245448
1.810690
1.944815
1.523279
0.220349
-0.392795
-0.191607
0.153286
0.804751
0.862233
1.015519
0.958037
0.565242
0.383215
0.546081
0.737689
1.695726
2.021458
1.925655
1.877753
1.235868
2.174744
2.730406
1.513699
0.823912
0.747269
0.593983
1.504118
1.686145
1.025100
1.216707
1.666985
2.002298
1.178386
0.306572
1.120903
1.504118
1.187966
1.657404
1.389154
1.255029
1.197546
0.929296
1.408315
1.762788
1.312511
0.479019
-0.143706
-0.929296
-1.666985
-1.034680
-0.737689
-1.331672
-0.747269
-0.105384
1.293350
2.078940
1.705306
0.670626
-0.182027
-0.086223
0.076643
0.766430
0.718528
-0.162866
-0.450277
0.153286
0.431117
0.450277
0.574822
0.881394
1.140064
0.900555
0.661046
0.795171
0.862233
0.000000
0.000000
0.000000
0.000000
0.000000
0.000000
0.000000
0.000000
0.000000
0.000000
0.000000
0.000000
0.000000
0.000000
0.000000
0.000000
0.000000
0.000000
0.000000
0.000000
0.000000
0.000000
0.000000
0.000000
0.000000
0.000000
0.000000
0.000000
0.000000
0.000000
0.000000
0.000000
0.000000
0.000000
0.000000
0.000000
0.000000
0.000000
0.000000
0.000000
