8.813941
8.679816
8.622334
8.976808
9.005548
8.641495
8.344503
8.085834
8.085834
8.219958
8.152896
7.990029
8.172056
8.382825
8.488209
8.401985
8.363664
8.478628
8.526530
8.296601
8.066672
8.200797
8.143315
7.990029
8.047512
8.191217
8.267860
8.430726
8.507369
8.411566
8.239119
8.287021
8.564852
8.564852
8.564852
8.564852
8.440307
8.382825
8.478628
8.401985
8.229539
8.287021
8.306182
8.449887
8.507369
8.545691
8.813941
8.938486
8.737298
8.775620
8.794781
8.545691
8.555271
8.564852
8.315762
8.066672
8.076253
8.210378
8.143315
7.865485
7.223600
8.191217
9.666595
9.331282
9.944425
10.356381
9.915684
9.321701
8.162477
7.740940
7.549332
6.945769
7.300243
8.239119
8.928905
8.354083
7.578074
8.612754
8.593593
6.926608
7.166118
8.928905
9.245058
9.015129
8.651075
8.737298
9.283380
7.760100
6.543393
7.118216
7.511011
8.584012
8.957647
7.482270
6.160179
6.687099
7.951708
8.277440
8.689397
9.637854
10.720435
10.337220
9.647433
10.212675
9.589952
9.043870
8.794781
8.296601
7.932547
7.635556
8.009191
7.922967
7.884645
8.124155
8.104994
7.970869
8.028351
8.315762
8.325342
8.076253
8.593593
8.957647
9.264218
10.040229
9.637854
9.187575
8.986388
9.149254
9.858202
9.676175
8.833102
7.808002
7.453528
7.405627
7.903806
7.875065
7.099055
6.993671
7.453528
8.689397
8.373244
7.712199
8.306182
8.315762
8.200797
7.760100
5.776964
4.723123
5.882348
7.060733
7.099055
6.102696
6.016473
7.635556
8.766040
7.769681
7.185278
7.664297
8.785200
9.934845
9.963586
8.708557
7.875065
8.622334
8.085834
6.438009
6.687099
7.817583
8.603173
8.967227
8.497789
8.660655
8.861843
8.574432
8.574432
8.440307
8.258280
8.296601
8.181637
7.625975
6.351786
6.773322
9.130094
9.848621
9.292960
8.775620
8.919326
9.494147
8.622334
8.334923
8.334923
7.319404
6.964930
7.060733
6.725420
6.572134
7.003251
7.328984
7.990029
8.555271
8.823522
9.072611
8.421146
8.239119
8.545691
8.813941
9.063031
7.654716
7.376885
8.009191
7.290662
8.229539
8.287021
6.907447
8.181637
8.392405
7.597234
8.497789
9.168415
9.484568
9.130094
7.817583
8.085834
9.110932
8.948067
8.239119
8.162477
8.890584
8.593593
8.066672
7.951708
7.396046
7.386466
7.884645
7.999610
7.922967
8.009191
8.181637
8.258280
8.047512
7.817583
7.453528
8.430726
9.647433
9.580371
9.427085
8.593593
9.216317
10.270158
9.484568
8.737298
8.392405
7.980449
8.679816
9.513309
8.890584
8.718138
8.890584
8.842683
9.839041
9.292960
7.884645
8.507369
9.302540
8.909745
8.861843
9.340861
9.053451
8.670236
8.104994
7.970869
9.053451
9.177996
8.344503
7.827163
7.079894
7.233180
7.309823
6.332625
7.396046
9.292960
9.417504
9.091772
8.948067
8.746879
9.034289
9.168415
7.568493
6.447590
7.070314
7.740940
7.922967
8.143315
8.373244
8.219958
8.028351
8.057092
8.200797
8.267860
8.555271
8.057092
7.309823
8.881004
9.609112
9.053451
9.934845
9.589952
8.028351
8.057092
8.842683
9.082191
7.664297
5.863187
5.652419
7.587654
8.881004
8.210378
8.018770
7.673877
8.536111
9.954005
9.848621
9.676175
9.340861
8.928905
9.120513
9.206737
8.612754
8.593593
8.708557
8.258280
9.187575
8.976808
8.507369
9.053451
8.919326
9.245058
9.015129
8.909745
9.877362
9.685755
8.325342
8.200797
8.775620
9.551630
8.641495
6.955349
7.942128
8.785200
8.536111
8.555271
8.440307
8.248699
8.421146
8.756459
9.043870
8.919326
8.603173
8.584012
8.449887
7.750520
7.041573
9.005548
9.915684
8.555271
8.306182
7.817583
8.344503
8.976808
8.124155
7.597234
7.731359
7.415207
8.028351
8.698977
7.865485
7.865485
8.746879
8.526530
8.296601
8.440307
9.522889
10.289318
9.120513
8.823522
9.072611
8.296601
8.181637
9.149254
9.350442
8.679816
8.114574
8.104994
7.712199
7.156537
7.530171
8.593593
8.325342
6.543393
6.735001
9.110932
9.455826
8.344503
8.344503
7.827163
7.970869
9.561211
9.283380
8.392405
8.488209
8.536111
8.421146
8.248699
8.421146
8.631914
8.344503
8.210378
8.401985
8.363664
8.603173
8.584012
7.808002
9.110932
9.704916
8.718138
9.273799
9.024710
7.520591
7.319404
8.114574
8.354083
7.328984
5.700321
5.834446
8.057092
9.091772
8.057092
7.817583
7.961288
8.670236
9.120513
8.833102
9.197156
9.503728
8.622334
8.210378
8.660655
7.846324
7.597234
7.865485
7.223600
7.683457
8.152896
7.999610
7.922967
8.401985
9.379183
9.206737
7.463109
7.539752
9.743237
10.136032
9.302540
8.401985
7.731359
8.181637
8.382825
7.721779
7.664297
8.018770
8.057092
7.942128
8.018770
8.181637
8.258280
8.172056
8.124155
8.229539
8.287021
8.181637
7.242761
7.060733
9.388763
10.222256
9.216317
9.120513
8.833102
9.963586
10.749176
9.714497
8.718138
7.999610
7.922967
7.884645
6.849965
6.744581
7.597234
7.348145
7.491850
7.434368
7.396046
8.526530
9.187575
8.727718
8.392405
7.721779
8.172056
9.532469
9.024710
8.267860
8.172056
8.133735
7.597234
8.497789
9.810300
9.024710
8.909745
7.712199
5.623678
6.428429
8.459468
8.900165
8.469048
8.900165
9.110932
8.823522
8.181637
7.491850
7.051153
7.099055
7.884645
8.124155
8.104994
8.219958
8.152896
8.248699
8.172056
7.999610
8.306182
8.574432
7.683457
6.888287
8.545691
9.446246
8.976808
8.248699
7.405627
8.536111
9.695335
8.842683
7.175698
6.773322
7.099055
6.869126
6.246402
6.849965
8.526530
9.187575
9.245058
9.005548
8.009191
9.072611
10.586310
9.503728
9.388763
9.589952
8.401985
8.363664
8.986388
8.507369
8.037931
7.424788
7.396046
8.536111
8.430726
7.482270
7.683457
7.903806
9.407925
10.998266
10.720435
10.203095
9.963586
10.107291
10.433024
10.327640
9.005548
7.884645
7.740940
8.057092
8.584012
8.574432
8.315762
8.449887
8.392405
8.104994
7.970869
8.028351
8.066672
8.210378
7.252341
6.552974
8.775620
9.685755
8.708557
8.881004
8.334923
6.418849
5.661999
6.830804
7.760100
7.300243
6.572134
6.236822
6.974510
7.309823
6.964930
7.319404
7.980449
9.312120
9.168415
9.360023
10.212675
9.973166
9.858202
8.785200
8.421146
8.881004
8.459468
8.133735
8.746879
8.785200
8.287021
8.306182
8.449887
9.283380
9.791140
9.139674
9.340861
9.695335
9.858202
10.183934
9.570790
9.676175
9.465406
8.861843
9.848621
9.676175
8.833102
8.948067
8.746879
8.651075
8.603173
8.459468
8.641495
8.603173
8.334923
8.459468
8.651075
8.737298
7.625975
7.367305
9.657014
10.097711
8.900165
8.469048
7.884645
8.756459
9.292960
8.775620
8.545691
7.798422
7.568493
6.323045
6.629617
8.938486
8.488209
7.511011
8.459468
9.283380
9.283380
9.925264
9.704916
9.360023
9.819880
9.915684
9.963586
9.340861
8.804361
8.679816
7.731359
6.533813
6.217661
7.089475
8.133735
7.990029
7.156537
7.654716
9.034289
8.919326
9.752818
10.902462
10.413863
9.685755
9.465406
9.877362
9.561211
8.143315
7.740940
8.306182
8.066672
7.827163
7.961288
8.287021
8.564852
8.440307
8.248699
8.296601
8.181637
7.884645
6.849965
6.754161
8.488209
9.168415
8.344503
7.951708
7.520591
8.842683
9.963586
8.584012
7.683457
7.645136
8.143315
9.005548
9.283380
8.775620
8.536111
7.664297
7.386466
8.785200
9.053451
8.287021
8.057092
8.325342
8.334923
8.584012
9.091772
8.564852
7.932547
6.878706
6.763742
8.239119
8.670236
7.980449
7.022412
6.830804
7.760100
7.300243
6.198500
7.587654
9.005548
9.024710
8.909745
8.469048
8.526530
9.312120
9.168415
7.961288
7.137376
7.261921
7.702618
7.779261
7.942128
8.152896
8.373244
8.603173
8.584012
8.449887
8.382825
8.488209
7.511011
7.185278
9.072611
8.928905
7.970869
8.037931
7.817583
8.593593
9.091772
8.813941
7.922967
7.252341
7.443948
8.430726
9.906103
9.446246
8.976808
9.139674
8.833102
9.580371
9.551630
9.024710
8.909745
9.235477
9.513309
9.139674
7.693038
6.629617
7.922967
8.143315
7.855904
9.005548
8.775620
7.903806
7.999610
8.306182
8.823522
8.564852
7.300243
7.338564
8.881004
9.350442
9.187575
8.986388
8.124155
8.239119
8.411566
7.990029
7.530171
7.319404
8.114574
8.488209
8.401985
8.488209
8.401985
8.104994
8.229539
8.411566
8.239119
8.287021
7.932547
7.635556
9.273799
9.791140
8.756459
8.526530
8.679816
7.597234
6.208080
7.214019
8.449887
7.875065
7.865485
7.980449
7.156537
6.763742
6.706260
6.811644
7.501431
8.200797
7.635556
7.625975
8.133735
8.239119
8.928905
9.120513
9.072611
8.421146
7.606814
7.865485
7.980449
7.022412
5.815285
6.907447
7.415207
6.888287
8.162477
9.015129
9.292960
9.158834
9.101353
9.331282
9.436666
9.101353
8.315762
8.191217
7.501431
6.035634
6.370947
7.664297
8.143315
8.124155
7.980449
8.296601
8.698977
8.890584
8.718138
8.258280
7.922967
7.760100
7.051153
6.974510
8.708557
9.647433
9.206737
8.737298
7.884645
9.015129
10.557569
9.618692
8.679816
7.980449
7.022412
7.721779
9.063031
8.411566
7.606814
8.373244
8.354083
8.469048
9.915684
10.595890
10.528828
10.883302
10.404283
9.676175
9.848621
9.417504
8.584012
7.434368
6.897867
8.172056
8.775620
8.660655
9.245058
9.771978
9.130094
8.698977
9.647433
9.580371
8.401985
7.597234
7.990029
8.679816
9.254639
9.398344
8.957647
8.114574
7.214019
7.300243
7.970869
8.162477
8.248699
8.421146
8.497789
8.411566
8.363664
8.478628
8.267860
8.047512
7.051153
6.073955
8.037931
8.957647
8.622334
9.733657
9.618692
9.063031
9.312120
9.043870
8.028351
7.808002
7.836743
7.846324
9.379183
9.580371
8.028351
8.440307
8.766040
7.645136
6.869126
8.028351
9.714497
9.484568
8.612754
7.827163
7.970869
8.411566
8.114574
7.587654
6.840385
6.236822
7.099055
8.392405
8.488209
8.536111
8.421146
8.373244
9.752818
10.394703
9.417504
8.833102
8.564852
9.580371
10.691694
9.561211
8.267860
8.813941
8.679816
7.990029
8.037931
7.942128
8.143315
8.373244
8.727718
8.900165
8.718138
8.641495
8.219958
7.894226
6.984090
6.936189
9.206737
9.762398
8.746879
8.516950
7.903806
9.024710
10.557569
10.011488
8.737298
7.376885
6.735001
6.438009
7.578074
8.488209
8.028351
8.057092
7.827163
9.110932
11.113231
11.027007
10.471346
10.346801
9.647433
9.321701
9.810300
9.024710
8.143315
7.606814
6.208080
6.706260
8.334923
7.951708
7.386466
7.894226
8.631914
8.852262
8.315762
8.833102
10.480926
10.097711
9.149254
9.982746
10.500087
9.724076
8.727718
8.641495
8.603173
8.334923
8.459468
8.392405
8.229539
8.287021
8.057092
8.076253
8.469048
8.526530
8.162477
7.999610
7.156537
7.022412
8.737298
8.775620
8.028351
8.191217
7.884645
8.373244
9.245058
9.264218
8.900165
8.334923
7.185278
7.539752
9.360023
8.555271
8.057092
8.200797
7.635556
8.890584
9.101353
8.689397
8.622334
8.976808
9.781559
9.513309
8.631914
6.945769
6.667938
6.792483
5.958991
6.849965
8.526530
8.296601
8.315762
8.957647
8.373244
8.095413
9.235477
9.637854
8.689397
8.497789
8.919326
10.001907
10.385122
9.034289
7.635556
7.242761
6.936189
6.917028
7.798422
8.085834
8.210378
8.536111
8.421146
8.114574
8.104994
8.219958
8.152896
8.248699
7.530171
6.562554
7.760100
8.191217
7.884645
8.631914
8.095413
6.438009
5.920669
6.696679
7.060733
7.108635
7.635556
7.118216
7.386466
8.018770
7.673877
7.386466
8.018770
8.948067
8.622334
8.593593
8.833102
8.823522
9.446246
10.250997
9.733657
8.852262
7.558913
7.079894
6.859546
7.520591
8.334923
7.443948
7.539752
8.085834
8.344503
8.976808
9.771978
9.771978
9.130094
9.216317
8.871424
8.708557
8.382825
7.079894
6.859546
6.878706
6.888287
7.281082
7.587654
7.855904
8.104994
8.229539
8.152896
7.990029
8.047512
8.325342
8.325342
8.076253
7.060733
6.208080
7.721779
9.187575
8.737298
9.034289
8.785200
7.520591
8.085834
8.727718
7.999610
6.907447
5.882348
5.278784
6.275143
7.242761
6.552974
7.127796
8.277440
7.798422
7.443948
8.047512
8.957647
9.771978
9.130094
8.698977
9.522889
8.382825
7.338564
7.357725
6.859546
7.903806
8.641495
7.587654
7.348145
7.740940
8.306182
8.315762
7.434368
8.172056
9.657014
10.222256
10.356381
9.906103
9.704916
9.733657
8.986388
8.382825
8.104994
7.970869
8.545691
8.679816
8.497789
8.536111
8.804361
8.804361
8.421146
8.497789
8.287021
7.932547
7.511011
6.802063
8.382825
9.877362
9.312120
9.168415
8.593593
7.185278
6.782903
7.606814
8.373244
7.970869
7.654716
7.252341
7.702618
8.296601
7.673877
8.536111
9.063031
9.561211
9.791140
9.005548
9.158834
9.484568
8.995968
7.875065
7.990029
8.555271
8.306182
8.066672
8.210378
9.417504
9.599532
7.903806
7.367305
8.143315
8.497789
9.043870
8.670236
7.980449
9.436666
10.116872
9.800719
10.289318
9.628273
8.172056
7.616395
7.865485
7.731359
7.798422
8.334923
8.334923
8.200797
8.267860
8.172056
7.999610
8.047512
8.325342
8.584012
8.449887
7.367305
6.485911
8.229539
9.043870
8.411566
9.388763
9.082191
7.281082
7.587654
8.622334
8.334923
7.827163
7.463109
7.415207
8.028351
8.191217
8.009191
8.181637
8.766040
9.168415
8.085834
8.344503
8.976808
8.373244
8.737298
8.516950
7.913386
7.625975
7.242761
7.060733
7.865485
9.005548
8.651075
8.229539
8.152896
7.990029
8.938486
9.628273
9.063031
9.177996
10.126452
10.059389
9.647433
10.088131
9.532469
8.631914
7.961288
7.012832
7.587654
8.488209
8.277440
7.922967
7.760100
7.932547
8.277440
8.306182
8.574432
8.823522
8.430726
8.631914
9.360023
8.938486
9.628273
10.337220
9.388763
8.823522
8.564852
9.580371
9.292960
7.501431
6.926608
6.533813
7.367305
9.024710
9.034289
8.526530
8.928905
8.995968
9.273799
10.547989
9.867782
8.794781
9.053451
8.794781
9.053451
9.810300
9.657014
8.948067
7.731359
7.290662
7.587654
7.855904
7.348145
6.342206
7.530171
8.976808
9.273799
9.149254
8.708557
8.124155
7.855904
8.746879
9.417504
9.350442
9.321701
8.028351
6.792483
6.591295
7.520591
8.584012
8.708557
8.631914
8.344503
8.469048
8.516950
8.037931
7.942128
8.277440
8.172056
7.999610
7.031992
6.332625
8.411566
9.637854
8.306182
8.440307
8.890584
7.443948
6.265563
6.984090
7.827163
7.453528
8.047512
8.200797
7.501431
7.817583
8.852262
8.957647
8.881004
10.500087
11.122810
10.270158
9.877362
8.670236
6.457170
6.821224
8.392405
8.612754
7.827163
7.204439
7.549332
8.478628
8.775620
8.028351
7.942128
8.028351
7.300243
6.706260
7.827163
8.737298
8.392405
8.871424
8.967227
8.622334
7.961288
7.137376
7.137376
7.271502
6.696679
6.811644
7.616395
7.616395
7.740940
8.057092
8.325342
8.718138
8.631914
8.344503
8.210378
8.018770
8.440307
8.124155
8.746879
10.433024
10.078550
9.398344
8.574432
7.300243
6.706260
7.702618
8.928905
8.229539
8.277440
8.057092
6.802063
6.600875
7.520591
8.593593
9.216317
9.254639
8.382825
9.245058
9.771978
9.388763
9.839041
9.292960
8.143315
7.348145
7.233180
7.443948
7.281082
6.572134
7.003251
8.469048
8.900165
8.727718
8.507369
7.520591
8.085834
9.609112
9.177996
8.593593
8.325342
9.350442
9.944425
8.574432
7.424788
8.162477
8.507369
7.903806
8.258280
8.804361
8.928905
8.612754
8.210378
8.143315
8.373244
8.344503
8.469048
8.651075
8.354083
7.578074
8.612754
9.484568
8.737298
8.641495
8.219958
9.043870
10.318060
9.513309
9.264218
8.766040
7.261921
7.443948
8.813941
8.555271
7.798422
7.319404
7.348145
8.766040
9.551630
9.657014
9.714497
10.250997
9.609112
9.177996
10.126452
9.427085
8.459468
8.009191
7.798422
8.076253
7.961288
7.654716
7.894226
9.398344
9.973166
9.982746
11.007846
10.979105
9.810300
9.149254
9.350442
9.053451
9.053451
8.919326
7.846324
7.089475
7.750520
8.564852
8.564852
8.698977
8.631914
8.469048
8.526530
8.421146
8.114574
8.229539
8.545691
8.555271
8.057092
7.309823
8.114574
8.354083
7.836743
8.354083
7.712199
6.897867
6.648777
7.281082
8.219958
7.769681
8.200797
9.417504
9.216317
8.746879
9.417504
8.842683
7.424788
8.804361
10.327640
9.522889
9.398344
8.833102
6.016473
4.962632
6.505072
7.731359
7.290662
7.597234
8.114574
8.612754
8.593593
8.325342
9.216317
9.379183
9.714497
9.360023
8.430726
8.373244
8.095413
9.245058
10.662952
9.292960
8.516950
8.545691
7.922967
8.267860
9.446246
9.618692
9.053451
8.670236
8.363664
8.344503
8.469048
8.651075
8.737298
8.641495
8.727718
8.775620
7.520591
7.060733
9.264218
9.915684
8.689397
8.373244
7.970869
8.545691
9.963586
9.724076
8.986388
8.890584
8.718138
8.641495
9.110932
8.698977
7.865485
8.114574
8.488209
9.800719
9.657014
8.564852
8.564852
8.948067
9.637854
9.954005
9.091772
7.922967
8.009191
7.290662
7.089475
8.009191
8.057092
7.693038
7.530171
7.961288
8.919326
8.478628
7.635556
8.133735
9.264218
8.890584
8.076253
8.210378
7.769681
8.200797
8.909745
8.219958
7.769681
8.066672
8.334923
8.593593
8.574432
8.574432
8.440307
8.124155
8.104994
8.229539
8.660655
8.995968
7.750520
6.533813
8.382825
9.110932
8.057092
8.708557
8.258280
6.514652
6.849965
8.277440
8.689397
7.740940
6.399688
6.418849
7.817583
8.478628
7.894226
7.625975
7.616395
7.491850
7.309823
8.488209
9.427085
9.225897
10.145613
10.068970
8.890584
7.827163
6.821224
7.376885
8.009191
7.166118
6.006893
6.993671
7.836743
7.338564
7.990029
8.679816
10.021068
10.777917
9.848621
9.168415
8.852262
9.465406
9.877362
9.053451
8.162477
8.766040
8.794781
8.037931
8.066672
7.951708
8.028351
8.181637
8.392405
8.239119
8.162477
8.382825
8.354083
8.210378
7.127796
7.137376
9.292960
9.168415
8.469048
8.775620
8.919326
10.385122
10.308479
8.363664
7.328984
7.606814
7.999610
8.555271
9.321701
8.794781
8.037931
8.325342
8.200797
9.034289
10.567149
10.519247
10.624632
10.672533
9.676175
8.698977
8.881004
8.459468
7.118216
7.635556
8.516950
7.779261
7.434368
8.296601
8.948067
9.005548
9.283380
9.158834
8.584012
8.449887
8.258280
8.679816
9.637854
8.181637
5.709901
6.342206
7.405627
7.261921
7.453528
7.788842
7.951708
8.152896
8.507369
8.670236
8.488209
8.401985
8.497789
8.401985
8.239119
8.028351
7.041573
6.332625
8.162477
9.522889
9.273799
8.775620
7.779261
7.942128
8.909745
8.219958
8.411566
8.871424
7.827163
8.219958
9.427085
8.718138
7.740940
8.306182
8.449887
8.133735
7.597234
7.990029
8.296601
7.683457
8.411566
8.881004
8.459468
8.900165
9.484568
8.612754
7.568493
7.855904
8.104994
7.463109
7.664297
8.277440
8.047512
7.942128
8.401985
8.612754
8.334923
8.842683
8.823522
8.564852
8.191217
7.501431
7.309823
8.114574
8.229539
7.769681
8.066672
7.951708
8.028351
8.181637
8.258280
8.296601
8.440307
8.507369
8.287021
8.564852
8.306182
8.191217
9.791140
10.662952
10.433024
9.819880
8.766040
9.427085
10.241417
9.733657
9.743237
8.995968
7.999610
8.172056
8.009191
7.290662
7.970869
8.287021
7.798422
9.225897
9.254639
8.248699
8.296601
8.698977
9.005548
8.775620
7.779261
6.035634
6.246402
7.108635
7.511011
8.076253
7.961288
8.162477
8.631914
8.344503
8.593593
8.708557
7.491850
7.683457
9.302540
10.059389
9.637854
9.829460
9.034289
7.127796
6.495492
6.706260
7.319404
7.731359
7.922967
7.884645
8.124155
8.363664
8.469048
8.526530
8.545691
8.555271
8.306182
8.066672
7.568493
7.089475
8.766040
9.676175
8.574432
8.957647
8.746879
8.401985
9.379183
9.072611
8.172056
7.491850
7.175698
7.022412
8.229539
9.302540
8.267860
8.172056
8.382825
7.721779
7.539752
8.085834
7.836743
7.463109
7.922967
7.635556
7.750520
8.057092
7.185278
7.539752
8.219958
8.277440
8.689397
9.005548
8.900165
7.961288
7.271502
7.712199
9.187575
9.877362
9.053451
8.411566
8.363664
9.110932
9.839041
9.168415
8.469048
8.651075
7.587654
6.964930
7.693038
8.162477
8.373244
8.095413
8.354083
8.842683
8.574432
8.440307
8.641495
8.737298
8.267860
7.415207
8.536111
8.938486
7.970869
8.670236
8.871424
7.309823
6.840385
7.386466
7.501431
7.693038
7.913386
8.641495
8.603173
7.443948
7.156537
7.913386
8.392405
7.721779
6.524233
6.849965
7.645136
7.625975
8.009191
7.798422
8.459468
9.791140
8.373244
7.079894
6.859546
7.386466
9.158834
8.967227
7.990029
8.938486
9.503728
8.881004
9.101353
9.072611
8.679816
9.130094
9.206737
9.637854
9.829460
9.034289
8.526530
9.312120
9.427085
8.584012
8.449887
8.516950
8.928905
9.120513
8.823522
8.430726
8.248699
8.421146
8.497789
8.411566
7.855904
7.597234
9.139674
9.848621
9.292960
9.158834
8.593593
8.842683
9.714497
9.225897
8.497789
8.152896
7.616395
7.999610
9.570790
9.283380
7.501431
6.926608
7.549332
8.861843
8.574432
8.191217
8.900165
9.225897
9.762398
9.130094
7.434368
7.913386
8.900165
7.961288
7.396046
8.401985
8.622334
8.469048
7.760100
6.792483
7.491850
8.325342
8.076253
7.702618
8.670236
8.612754
8.085834
9.360023
9.570790
7.894226
6.859546
6.629617
7.022412
7.846324
8.363664
8.344503
8.210378
8.267860
8.430726
8.507369
8.411566
8.363664
8.095413
8.095413
7.328984
7.223600
9.082191
9.321701
8.919326
9.235477
8.373244
8.478628
8.909745
7.587654
6.840385
7.386466
7.511011
7.568493
8.478628
8.277440
7.156537
7.146957
7.645136
9.283380
10.682114
10.193515
9.963586
9.340861
8.421146
8.114574
8.612754
8.459468
7.242761
6.428429
5.796124
7.271502
8.986388
8.258280
7.530171
8.210378
8.909745
9.245058
9.771978
9.513309
8.881004
8.459468
8.392405
9.254639
9.657014
8.440307
6.984090
7.194859
7.166118
6.897867
7.788842
8.076253
8.085834
8.210378
8.152896
7.990029
8.047512
8.325342
8.584012
8.708557
7.616395
6.466751
8.478628
10.433024
9.570790
8.018770
7.549332
9.110932
10.097711
9.283380
7.501431
6.160179
6.811644
7.367305
6.227241
5.824865
6.658358
7.166118
6.897867
7.281082
7.836743
8.229539
9.043870
9.427085
8.976808
7.616395
8.124155
9.513309
8.881004
8.210378
8.526530
7.913386
7.625975
9.024710
9.292960
8.267860
7.922967
8.009191
8.813941
9.063031
9.685755
10.365961
9.915684
9.570790
8.152896
7.990029
9.446246
9.609112
8.804361
8.296601
8.574432
8.564852
8.440307
8.507369
8.411566
8.497789
8.670236
8.612754
8.842683
8.823522
7.673877
6.629617
8.296601
9.839041
9.158834
8.976808
8.507369
9.053451
9.551630
8.267860
7.539752
7.070314
6.974510
6.687099
5.527874
5.748222
7.252341
8.076253
8.210378
8.401985
7.348145
7.740940
9.580371
9.551630
9.158834
8.459468
8.143315
8.881004
8.076253
6.438009
6.811644
8.516950
9.053451
7.654716
6.485911
7.472689
9.072611
9.063031
8.287021
8.823522
10.346801
10.155193
9.561211
9.417504
9.216317
10.136032
10.452185
9.704916
9.101353
8.689397
8.363664
8.344503
8.593593
8.584012
8.574432
8.957647
8.995968
8.641495
8.469048
8.651075
8.229539
8.287021
9.829460
9.034289
7.769681
8.191217
8.516950
9.695335
9.733657
8.095413
7.070314
7.875065
8.622334
8.852262
9.206737
8.488209
8.152896
7.865485
7.482270
8.823522
8.689397
7.740940
8.181637
8.133735
8.363664
7.836743
6.447590
6.438009
7.319404
7.472689
7.683457
8.411566
8.756459
9.676175
9.206737
7.855904
8.104994
8.354083
7.578074
8.363664
9.743237
9.369603
8.948067
8.363664
7.204439
7.300243
8.229539
7.769681
7.185278
7.415207
8.277440
9.063031
9.177996
8.986388
8.507369
8.037931
7.808002
7.836743
7.846324
7.980449
8.421146
7.999610
8.813941
9.829460
9.283380
9.158834
8.334923
7.060733
7.606814
8.756459
8.785200
7.654716
7.127796
7.127796
8.152896
9.139674
8.708557
8.756459
8.660655
8.104994
7.712199
8.037931
8.708557
9.522889
10.662952
10.433024
8.545691
7.156537
6.639197
6.907447
8.172056
9.532469
8.890584
8.459468
8.651075
8.478628
9.676175
9.082191
8.172056
9.149254
9.733657
10.001907
10.126452
9.676175
7.808002
6.945769
7.175698
7.156537
7.779261
8.200797
8.401985
7.980449
7.788842
8.200797
8.143315
8.248699
8.172056
7.999610
8.172056
8.382825
7.980449
7.146957
8.411566
8.881004
8.718138
9.657014
8.689397
8.881004
10.107291
9.158834
8.334923
8.085834
7.194859
7.539752
8.344503
7.827163
7.587654
8.114574
8.612754
9.733657
10.126452
9.168415
8.593593
8.957647
9.130094
9.216317
10.021068
9.369603
7.673877
7.511011
7.951708
8.152896
8.756459
9.034289
9.168415
8.976808
8.756459
8.536111
9.063031
9.695335
9.350442
9.187575
8.861843
7.683457
6.629617
7.156537
7.271502
7.578074
8.612754
8.718138
8.382825
8.354083
8.469048
8.392405
8.229539
8.287021
8.564852
8.564852
8.315762
8.066672
7.568493
7.597234
9.647433
9.704916
7.961288
7.396046
6.629617
7.405627
8.411566
8.239119
7.903806
7.367305
7.376885
7.376885
7.118216
6.878706
7.012832
7.587654
8.497789
9.168415
8.593593
8.842683
8.957647
8.114574
8.612754
8.842683
7.041573
5.949410
6.964930
7.309823
6.964930
7.060733
6.849965
7.635556
8.516950
7.654716
7.760100
8.191217
7.635556
7.750520
8.957647
9.513309
9.264218
9.915684
9.321701
7.903806
7.501431
7.309823
7.472689
7.798422
7.827163
8.219958
8.785200
8.670236
8.488209
8.277440
8.306182
8.574432
8.698977
8.881004
8.334923
8.459468
10.040229
9.388763
8.191217
8.392405
8.612754
9.350442
9.063031
7.654716
7.884645
8.248699
8.037931
8.584012
9.465406
8.986388
7.999610
7.798422
7.568493
9.245058
10.030648
8.861843
8.325342
8.967227
9.264218
8.507369
7.137376
5.489552
6.236822
7.223600
7.434368
8.172056
7.750520
8.191217
7.884645
6.342206
7.146957
7.645136
8.009191
9.197156
9.369603
8.564852
8.440307
9.139674
8.449887
8.382825
9.245058
8.373244
7.846324
8.229539
8.028351
7.808002
7.961288
8.152896
8.248699
8.162477
8.248699
8.421146
8.756459
9.034289
8.919326
8.219958
8.919326
9.618692
8.670236
8.746879
8.392405
6.964930
7.185278
7.922967
8.401985
8.239119
7.012832
7.970869
9.819880
9.283380
9.158834
10.116872
9.925264
9.455826
8.344503
8.976808
10.030648
8.363664
6.438009
6.687099
8.967227
9.513309
8.756459
8.152896
7.865485
8.497789
7.520591
5.786544
6.255982
7.233180
7.827163
7.970869
7.271502
7.836743
9.628273
9.819880
9.024710
8.909745
9.245058
10.538408
10.385122
8.785200
8.670236
8.871424
8.957647
9.379183
9.331282
8.928905
8.478628
8.267860
8.306182
8.315762
8.449887
8.641495
7.846324
6.964930
8.584012
9.724076
9.101353
8.948067
8.363664
7.836743
8.478628
8.909745
8.593593
8.584012
8.066672
8.459468
9.283380
8.392405
8.229539
8.411566
8.114574
8.737298
8.775620
8.411566
9.005548
9.666595
10.231836
9.724076
8.603173
8.200797
8.143315
7.990029
7.913386
7.501431
6.418849
7.060733
8.114574
8.363664
8.344503
7.961288
9.427085
11.007846
10.720435
9.695335
9.474987
9.628273
9.570790
9.168415
8.469048
8.900165
8.976808
8.631914
8.478628
8.651075
8.861843
8.574432
8.574432
8.698977
8.756459
8.660655
8.354083
8.210378
7.511011
7.443948
8.938486
9.130094
8.200797
8.143315
7.865485
8.746879
10.049809
9.513309
9.388763
9.206737
7.970869
7.146957
8.670236
9.120513
7.808002
7.712199
7.530171
8.344503
9.225897
9.513309
10.030648
10.519247
10.116872
9.542049
10.298899
9.762398
8.363664
8.095413
8.344503
7.961288
7.645136
8.516950
8.928905
8.478628
8.267860
7.415207
8.411566
10.021068
8.861843
8.584012
8.833102
7.932547
7.635556
7.875065
7.865485
7.472689
7.166118
7.539752
8.210378
8.401985
8.239119
8.287021
8.181637
8.009191
8.047512
8.325342
8.459468
8.392405
8.104994
7.463109
8.564852
9.331282
8.545691
8.679816
8.373244
7.328984
6.715840
7.578074
8.612754
8.085834
8.344503
8.459468
7.625975
6.859546
7.137376
7.903806
8.516950
9.053451
8.028351
8.698977
9.906103
9.954005
10.231836
9.858202
9.292960
8.785200
8.411566
8.746879
8.775620
8.028351
8.315762
8.967227
9.005548
9.034289
8.785200
8.287021
9.455826
10.385122
9.158834
8.593593
8.325342
7.568493
6.572134
6.878706
7.530171
7.443948
7.788842
8.076253
8.334923
8.334923
8.200797
8.267860
8.172056
8.133735
8.239119
8.287021
8.440307
8.382825
7.721779
7.156537
8.928905
9.752818
9.120513
9.724076
9.867782
10.825819
11.525187
10.078550
8.890584
8.718138
8.382825
8.737298
9.034289
8.018770
8.315762
8.957647
9.130094
10.615051
9.657014
7.798422
8.085834
8.852262
9.340861
8.804361
6.897867
5.499133
7.012832
7.846324
7.089475
8.133735
9.264218
9.273799
9.158834
9.484568
9.379183
8.948067
8.995968
9.024710
9.925264
9.580371
8.536111
9.446246
9.225897
8.114574
7.463109
7.031992
7.223600
7.558913
8.095413
8.219958
8.277440
8.440307
8.382825
8.229539
8.277440
8.440307
8.507369
8.411566
7.223600
6.543393
8.392405
9.503728
8.746879
8.775620
8.277440
7.798422
8.593593
8.833102
8.564852
8.306182
7.942128
7.894226
8.507369
8.152896
7.616395
7.740940
7.673877
8.660655
9.503728
9.388763
9.589952
10.567149
10.270158
8.852262
8.957647
8.881004
8.334923
7.693038
7.654716
8.909745
8.727718
8.009191
7.798422
7.568493
8.354083
8.593593
7.568493
7.204439
7.673877
8.152896
7.990029
7.664297
7.635556
8.775620
9.676175
8.957647
8.248699
8.172056
8.516950
8.545691
8.430726
8.507369
8.411566
8.239119
8.287021
8.306182
8.574432
8.833102
7.673877
7.127796
9.427085
10.365961
9.024710
9.292960
9.158834
7.194859
7.031992
8.104994
8.104994
6.830804
6.227241
7.099055
8.267860
8.047512
7.309823
6.840385
7.003251
8.344503
8.584012
8.833102
8.689397
7.990029
8.555271
8.689397
7.990029
7.922967
7.884645
7.999610
8.172056
7.625975
7.108635
7.252341
7.319404
7.099055
6.869126
6.888287
8.928905
10.260577
9.360023
8.296601
7.932547
8.909745
8.727718
7.760100
7.424788
7.022412
7.214019
7.932547
8.143315
8.248699
8.545691
8.555271
8.813941
9.063031
8.928905
8.861843
8.708557
8.373244
7.204439
6.409268
8.325342
9.858202
9.427085
9.101353
8.564852
8.948067
9.513309
8.756459
8.152896
7.865485
7.348145
7.616395
8.631914
8.344503
7.827163
7.587654
7.731359
9.580371
10.183934
9.063031
8.670236
9.254639
9.657014
9.589952
8.028351
7.175698
7.798422
7.578074
7.348145
7.491850
6.543393
6.859546
8.536111
8.047512
8.200797
8.018770
8.191217
9.407925
9.340861
9.063031
9.312120
9.676175
9.599532
9.436666
8.718138
7.750520
7.549332
7.836743
8.095413
8.354083
8.469048
8.392405
8.488209
8.401985
8.363664
8.478628
8.267860
8.172056
7.750520
7.041573
8.239119
9.302540
9.168415
9.225897
8.622334
8.593593
9.340861
9.187575
8.727718
8.775620
8.536111
9.312120
10.183934
9.321701
9.043870
9.302540
9.168415
10.126452
10.059389
9.522889
9.647433
9.331282
9.312120
9.292960
7.894226
6.342206
6.514652
6.591295
6.370947
7.166118
7.530171
7.702618
7.913386
7.376885
7.884645
7.740940
6.658358
7.424788
8.928905
9.494147
9.637854
9.187575
8.861843
9.091772
8.813941
8.430726
8.248699
8.162477
8.248699
8.162477
8.248699
8.421146
8.248699
8.037931
8.066672
8.334923
8.334923
8.334923
7.568493
6.964930
8.833102
9.963586
8.842683
8.191217
7.750520
8.698977
10.155193
9.561211
7.884645
6.725420
6.821224
7.884645
8.373244
7.463109
8.306182
9.331282
8.928905
9.120513
8.823522
8.306182
8.449887
8.507369
8.287021
8.306182
9.216317
9.762398
8.488209
7.645136
8.382825
8.737298
8.641495
8.986388
9.149254
8.584012
8.200797
7.635556
8.133735
9.130094
8.584012
8.066672
8.334923
8.718138
8.124155
6.457170
6.438009
7.961288
8.287021
8.181637
8.382825
8.861843
9.091772
8.813941
8.421146
8.373244
8.229539
8.028351
8.057092
7.951708
7.511011
7.185278
8.689397
9.130094
8.191217
8.009191
8.057092
9.101353
9.580371
8.152896
6.849965
6.754161
6.955349
6.677518
5.403329
4.924311
5.978151
7.108635
7.884645
8.507369
8.028351
8.574432
9.714497
9.360023
8.938486
8.612754
9.225897
10.528828
9.992327
8.852262
8.833102
8.181637
8.009191
8.306182
7.434368
7.654716
9.034289
8.660655
8.488209
8.909745
9.484568
10.394703
9.925264
9.580371
9.043870
8.277440
8.938486
9.503728
9.005548
8.516950
8.287021
8.057092
8.076253
8.210378
8.143315
7.990029
8.047512
8.325342
8.584012
8.708557
7.875065
7.482270
9.082191
9.063031
8.162477
8.890584
8.469048
7.625975
8.382825
8.612754
8.085834
8.085834
8.085834
8.727718
9.283380
8.392405
7.980449
7.654716
7.252341
8.469048
8.775620
8.162477
8.382825
8.995968
9.657014
9.589952
7.894226
6.735001
7.079894
7.625975
7.875065
7.233180
6.543393
6.859546
7.261921
7.319404
8.239119
8.162477
7.233180
8.459468
10.040229
9.762398
9.503728
9.522889
9.781559
9.264218
8.258280
8.545691
8.813941
8.679816
8.746879
8.785200
8.536111
8.421146
8.248699
8.037931
7.932547
8.018770
8.181637
8.133735
6.964930
6.677518
9.082191
9.446246
8.469048
8.909745
9.110932
9.206737
8.746879
8.267860
8.430726
7.616395
6.984090
6.687099
6.802063
8.507369
8.928905
8.104994
8.104994
8.603173
9.350442
9.063031
8.162477
8.756459
9.551630
9.791140
10.030648
9.762398
8.995968
8.382825
8.478628
9.034289
7.894226
6.217661
6.840385
7.635556
7.750520
7.683457
8.028351
9.331282
10.576730
10.519247
9.609112
8.804361
8.555271
9.963586
10.490506
9.848621
8.909745
8.085834
8.727718
9.149254
8.967227
8.756459
8.651075
8.612754
8.459468
8.392405
8.354083
8.085834
6.945769
6.543393
8.890584
9.992327
9.360023
9.187575
7.970869
8.794781
9.819880
8.766040
7.769681
7.693038
7.779261
8.076253
8.593593
7.568493
7.463109
7.798422
7.453528
7.539752
7.702618
9.187575
10.001907
8.469048
7.760100
7.549332
7.970869
9.053451
8.536111
8.172056
9.532469
8.890584
7.702618
8.804361
9.312120
8.411566
7.731359
7.156537
7.654716
8.651075
8.354083
8.344503
9.225897
9.647433
8.813941
6.648777
5.384169
6.313465
7.645136
8.392405
8.488209
8.526530
8.421146
8.373244
8.478628
8.401985
8.229539
8.287021
8.440307
8.382825
7.079894
6.984090
9.101353
9.704916
9.225897
8.497789
7.012832
7.712199
9.312120
9.043870
9.043870
8.919326
7.846324
8.104994
8.861843
8.200797
9.034289
10.059389
9.771978
10.145613
9.427085
9.101353
9.839041
9.542049
9.024710
8.651075
7.846324
7.721779
8.430726
8.631914
7.712199
7.405627
7.137376
7.396046
8.277440
7.922967
8.018770
7.424788
7.271502
8.861843
9.982746
9.733657
8.852262
8.574432
8.325342
8.325342
8.708557
8.382825
8.104994
8.219958
8.785200
8.928905
8.478628
8.401985
8.363664
8.469048
8.392405
8.229539
8.411566
8.373244
7.204439
6.782903
9.005548
10.682114
10.442604
9.695335
9.091772
8.938486
9.379183
9.455826
8.603173
8.459468
8.009191
8.047512
8.842683
8.191217
8.009191
7.932547
7.760100
8.833102
8.948067
8.114574
8.104994
9.120513
9.589952
9.043870
7.769681
6.926608
7.300243
7.472689
7.166118
6.255982
5.834446
7.424788
8.421146
7.606814
7.740940
7.932547
8.018770
9.714497
10.126452
9.925264
11.113231
10.136032
9.043870
9.427085
8.842683
7.942128
7.003251
6.945769
7.808002
8.085834
8.085834
7.961288
7.903806
8.258280
8.555271
8.689397
8.497789
8.152896
7.482270
6.658358
7.683457
8.660655
8.488209
9.168415
8.718138
7.242761
7.434368
8.679816
9.254639
8.382825
8.354083
8.469048
7.501431
6.926608
6.533813
6.984090
8.469048
9.034289
8.526530
9.187575
9.369603
8.679816
9.254639
9.273799
8.133735
7.348145
7.108635
7.511011
7.309823
6.073955
6.255982
7.242761
8.076253
8.718138
8.766040
8.919326
8.603173
8.334923
8.459468
8.516950
9.053451
8.794781
7.405627
7.769681
8.200797
7.376885
7.501431
8.076253
8.334923
8.334923
8.076253
8.210378
8.536111
8.928905
8.737298
8.267860
8.172056
7.999610
7.539752
7.070314
8.248699
8.928905
8.229539
8.670236
9.120513
8.449887
8.641495
9.110932
8.440307
7.491850
6.543393
6.476331
8.229539
9.053451
7.654716
8.018770
8.823522
8.564852
9.455826
10.385122
9.925264
9.704916
9.992327
8.976808
8.248699
8.679816
8.239119
7.779261
7.942128
7.386466
7.635556
8.258280
7.788842
8.459468
9.283380
9.542049
10.423444
10.452185
10.969524
10.710855
9.570790
9.158834
8.334923
8.334923
8.210378
7.760100
8.574432
9.082191
8.430726
7.999610
8.047512
8.200797
8.526530
9.187575
9.235477
8.756459
8.392405
8.363664
8.344503
7.827163
9.110932
10.730016
10.212675
9.589952
8.919326
8.995968
9.781559
9.005548
8.392405
9.120513
8.574432
8.066672
8.967227
8.497789
7.261921
6.687099
6.543393
8.133735
9.379183
9.455826
9.877362
9.944425
9.331282
9.561211
9.283380
7.376885
7.376885
7.625975
7.242761
8.325342
8.584012
8.191217
8.392405
8.104994
7.721779
7.788842
8.842683
9.465406
8.861843
8.584012
8.449887
9.024710
9.542049
8.775620
8.411566
7.990029
7.022412
7.079894
7.616395
7.740940
7.922967
8.143315
8.114574
7.970869
8.037931
8.191217
8.392405
8.363664
7.453528
6.782903
8.373244
8.986388
8.124155
8.737298
8.775620
7.137376
7.396046
8.660655
8.478628
7.635556
6.735001
7.079894
8.124155
8.363664
7.453528
6.265563
5.709901
7.875065
9.896523
10.068970
9.906103
9.704916
9.350442
9.053451
8.794781
8.047512
8.708557
8.766040
7.003251
7.463109
9.197156
8.737298
8.267860
8.813941
8.679816
7.482270
8.440307
10.413863
9.302540
7.769681
7.558913
8.344503
8.976808
8.631914
8.469048
8.526530
7.271502
6.687099
7.434368
7.654716
7.884645
8.124155
8.104994
7.970869
7.903806
7.999610
8.306182
8.449887
7.875065
7.099055
8.143315
9.388763
8.948067
9.005548
9.024710
7.769681
7.683457
8.919326
8.986388
8.382825
8.354083
8.603173
8.200797
7.127796
6.878706
8.037931
8.957647
9.762398
10.021068
9.369603
8.948067
8.363664
8.603173
9.474987
8.861843
8.449887
8.258280
7.022412
6.073955
7.654716
9.158834
8.210378
8.401985
8.871424
8.076253
7.702618
8.794781
9.570790
9.292960
9.417504
9.091772
7.798422
7.319404
7.731359
7.798422
7.961288
9.177996
9.618692
9.053451
8.670236
8.363664
8.344503
8.469048
8.392405
8.229539
8.287021
8.440307
8.382825
7.079894
6.859546
8.919326
10.250997
9.992327
9.609112
9.053451
8.037931
8.325342
8.967227
8.114574
6.955349
6.926608
6.907447
8.555271
9.072611
7.913386
8.775620
8.670236
7.472689
6.658358
7.932547
9.292960
8.909745
8.727718
7.884645
7.616395
7.740940
7.549332
7.712199
6.897867
5.757803
6.620036
7.913386
7.750520
8.315762
8.833102
8.181637
9.283380
10.298899
9.503728
9.388763
9.206737
7.721779
7.281082
8.229539
8.277440
7.673877
6.754161
6.830804
7.760100
8.066672
8.210378
8.401985
8.488209
8.660655
8.612754
8.593593
8.833102
8.948067
8.104994
7.587654
9.005548
9.149254
7.951708
7.520591
6.428429
6.677518
8.066672
8.210378
7.769681
7.175698
6.897867
7.405627
8.660655
8.612754
7.578074
8.363664
8.861843
8.833102
10.088131
10.682114
10.442604
10.461765
9.954005
9.599532
9.561211
8.392405
7.214019
6.667938
6.667938
8.066672
8.718138
7.367305
6.236822
6.849965
8.018770
7.673877
6.505072
6.715840
8.219958
9.292960
9.292960
8.775620
8.287021
8.948067
9.503728
8.746879
7.511011
7.060733
7.606814
7.731359
7.922967
8.133735
8.239119
8.794781
9.187575
8.861843
8.574432
8.315762
7.175698
6.897867
9.312120
9.934845
8.698977
9.005548
8.909745
9.494147
10.902462
10.164774
8.804361
8.555271
8.181637
8.392405
9.379183
8.689397
7.606814
7.999610
8.181637
9.024710
9.666595
9.714497
10.250997
10.500087
10.365961
9.915684
8.938486
7.597234
7.990029
8.296601
7.300243
6.830804
6.610456
7.779261
9.340861
9.312120
9.168415
9.360023
9.063031
9.053451
8.919326
8.612754
8.842683
9.714497
8.842683
7.041573
6.591295
6.505072
7.099055
7.625975
8.124155
8.622334
8.852262
8.698977
8.497789
8.277440
8.181637
8.382825
8.354083
8.344503
7.443948
6.773322
8.871424
9.858202
8.660655
8.995968
8.516950
6.897867
7.405627
8.277440
8.430726
7.750520
6.792483
6.591295
8.028351
9.206737
8.861843
8.200797
7.511011
8.833102
9.704916
8.718138
7.875065
8.373244
9.110932
9.455826
8.727718
7.242761
7.443948
7.539752
6.811644
7.750520
8.698977
7.990029
8.047512
8.967227
9.771978
10.404283
10.183934
9.072611
9.312120
9.427085
9.101353
9.321701
8.411566
8.114574
7.980449
7.146957
6.629617
6.897867
7.530171
7.702618
7.903806
8.133735
8.488209
9.043870
9.168415
8.852262
8.823522
8.948067
7.731359
7.290662
9.628273
9.695335
8.076253
7.702618
7.913386
9.158834
9.101353
8.564852
8.315762
7.817583
7.836743
7.970869
7.396046
6.878706
8.421146
9.513309
9.139674
9.091772
8.306182
8.191217
9.024710
8.526530
8.172056
7.750520
7.673877
8.660655
8.229539
8.152896
8.756459
8.526530
8.545691
9.072611
9.053451
7.654716
6.993671
7.328984
8.373244
9.628273
9.446246
8.842683
9.206737
9.503728
9.513309
8.756459
7.252341
7.961288
8.287021
7.798422
8.085834
8.210378
8.536111
8.679816
8.497789
8.660655
8.861843
8.574432
8.440307
8.258280
7.664297
7.386466
9.034289
10.567149
10.001907
8.354083
7.070314
8.124155
9.637854
9.580371
8.785200
7.913386
7.118216
7.760100
9.465406
9.245058
8.124155
7.472689
7.290662
9.120513
10.222256
9.340861
8.928905
8.861843
8.967227
8.631914
6.945769
7.051153
9.005548
8.900165
7.836743
7.214019
6.658358
7.424788
8.287021
7.673877
8.401985
8.497789
7.769681
9.599532
10.576730
8.995968
8.258280
9.063031
8.928905
7.214019
6.792483
7.491850
7.434368
7.654716
7.884645
8.124155
8.363664
8.469048
8.267860
8.306182
8.698977
8.631914
8.593593
8.459468
7.501431
6.802063
8.766040
9.800719
8.631914
8.469048
8.775620
9.685755
9.724076
8.344503
7.578074
7.348145
7.999610
8.047512
7.434368
8.296601
9.331282
9.561211
9.666595
8.957647
8.114574
9.245058
9.771978
9.130094
8.200797
7.760100
9.206737
10.260577
9.360023
8.430726
8.756459
8.785200
8.545691
8.938486
8.737298
7.635556
7.367305
7.625975
8.766040
10.442604
10.461765
9.197156
8.354083
8.334923
7.827163
8.354083
9.235477
8.497789
7.903806
7.999610
8.047512
7.942128
8.018770
8.315762
8.449887
8.516950
8.545691
8.430726
8.124155
8.114574
7.472689
6.533813
7.999610
9.829460
9.407925
8.449887
7.501431
6.418849
7.443948
8.430726
8.631914
8.603173
7.827163
8.727718
8.258280
6.648777
7.031992
8.104994
8.603173
7.951708
7.769681
9.340861
10.078550
9.532469
9.015129
9.158834
9.867782
9.043870
8.287021
7.798422
7.319404
7.348145
6.735001
5.939830
6.581715
7.769681
7.309823
7.472689
7.932547
7.386466
6.620036
6.897867
8.430726
8.756459
8.401985
8.622334
8.976808
9.906103
8.938486
7.463109
7.922967
8.267860
8.430726
8.373244
8.219958
8.411566
8.622334
8.593593
8.076253
7.568493
7.214019
7.549332
9.618692
10.327640
9.388763
8.698977
7.865485
8.239119
8.670236
7.731359
6.782903
7.099055
7.760100
7.300243
6.830804
7.635556
9.024710
9.158834
9.225897
9.130094
9.216317
10.394703
10.059389
8.881004
8.459468
8.392405
9.120513
9.465406
9.494147
9.254639
8.258280
7.913386
6.984090
7.702618
9.177996
8.219958
7.137376
6.878706
7.779261
8.833102
8.698977
8.756459
10.433024
10.835400
9.752818
9.762398
9.254639
8.756459
9.043870
8.785200
8.670236
8.746879
8.651075
8.478628
8.526530
8.804361
8.938486
8.871424
8.708557
8.890584
7.951708
7.137376
9.302540
10.816238
10.126452
9.043870
8.028351
9.082191
9.954005
8.957647
8.373244
8.354083
8.085834
8.469048
7.635556
6.859546
7.894226
7.616395
7.233180
7.443948
8.037931
9.465406
10.011488
9.245058
8.631914
8.344503
8.976808
9.264218
8.258280
7.530171
7.961288
8.411566
8.746879
8.018770
6.150598
6.802063
7.999610
7.673877
8.660655
9.245058
9.139674
9.216317
8.995968
9.024710
8.143315
6.208080
5.815285
7.539752
8.344503
8.210378
8.143315
8.114574
8.363664
8.469048
8.526530
8.545691
8.555271
8.440307
8.124155
8.239119
8.928905
9.494147
9.762398
9.130094
8.698977
8.881004
8.334923
7.951708
8.028351
8.057092
7.568493
6.830804
7.501431
7.568493
6.830804
7.127796
7.894226
8.258280
8.813941
9.829460
9.158834
8.085834
8.095413
7.453528
7.798422
8.976808
8.507369
8.536111
8.172056
7.616395
7.865485
7.855904
7.731359
7.922967
7.884645
8.382825
8.737298
8.267860
9.446246
9.992327
9.360023
9.197156
8.612754
8.718138
8.890584
8.210378
7.894226
7.491850
6.543393
6.610456
7.654716
8.143315
8.239119
8.287021
8.057092
7.568493
7.721779
8.172056
8.133735
7.980449
7.530171
7.578074
9.120513
10.356381
9.781559
9.388763
8.698977
9.005548
10.423444
9.561211
8.651075
8.986388
8.382825
7.846324
9.245058
9.398344
8.440307
8.641495
8.354083
9.360023
11.477284
11.582668
10.988686
10.969524
10.835400
10.643792
9.158834
6.677518
7.175698
7.922967
8.009191
8.440307
7.367305
7.242761
7.443948
6.773322
6.840385
7.252341
7.319404
7.233180
8.076253
9.101353
9.455826
10.001907
9.369603
7.922967
6.993671
6.687099
6.802063
7.233180
7.817583
8.219958
8.536111
8.555271
8.306182
8.066672
8.210378
8.401985
8.363664
8.344503
8.085834
7.453528
8.555271
9.704916
9.867782
9.944425
8.957647
7.731359
7.798422
8.459468
8.516950
7.664297
5.987732
5.834446
7.424788
7.779261
6.802063
6.342206
6.255982
7.740940
8.948067
7.855904
7.223600
7.683457
8.660655
8.871424
7.693038
8.411566
9.513309
8.756459
7.903806
7.367305
7.625975
8.641495
8.727718
8.009191
7.549332
7.338564
7.990029
8.296601
9.082191
9.446246
8.976808
9.139674
8.200797
8.651075
9.752818
8.612754
7.568493
7.855904
8.104994
8.095413
8.354083
8.593593
8.459468
8.392405
8.612754
8.593593
8.584012
8.574432
7.683457
7.396046
9.676175
9.973166
8.076253
7.961288
7.779261
8.200797
9.676175
9.340861
8.545691
9.197156
9.369603
9.072611
9.312120
8.660655
8.995968
9.657014
9.321701
10.193515
9.963586
9.350442
9.570790
9.034289
9.417504
9.350442
6.648777
6.533813
8.766040
8.794781
8.421146
7.990029
7.539752
7.578074
7.721779
7.922967
8.143315
8.622334
8.219958
8.152896
8.881004
8.718138
8.133735
7.472689
7.041573
7.606814
8.373244
8.478628
7.760100
7.424788
8.037931
8.574432
8.574432
8.440307
8.507369
8.670236
8.871424
8.842683
8.564852
8.440307
7.750520
7.051153
8.756459
9.034289
8.028351
9.082191
9.063031
8.037931
8.325342
9.082191
9.063031
7.530171
6.552974
6.993671
8.219958
8.919326
8.095413
8.219958
8.660655
8.861843
8.833102
9.206737
9.628273
9.197156
9.628273
9.695335
9.474987
9.120513
8.066672
7.443948
7.922967
8.133735
7.606814
7.990029
8.804361
9.446246
10.634212
10.164774
9.570790
9.800719
9.522889
10.289318
9.877362
8.162477
6.849965
7.261921
7.702618
7.396046
8.152896
8.622334
8.334923
8.076253
8.210378
8.401985
8.488209
8.909745
9.110932
8.823522
8.430726
8.382825
7.970869
7.530171
8.718138
9.273799
9.024710
9.034289
8.018770
8.698977
10.279738
10.001907
8.986388
8.258280
7.913386
8.018770
7.932547
7.386466
7.884645
8.756459
8.660655
7.721779
7.031992
8.354083
9.484568
8.363664
8.085834
8.593593
8.833102
9.072611
8.804361
8.679816
8.622334
8.085834
7.961288
8.794781
8.804361
8.172056
8.124155
7.597234
8.239119
9.819880
9.532469
8.756459
9.034289
9.168415
8.718138
8.641495
8.354083
7.578074
6.830804
6.993671
7.578074
7.980449
8.421146
8.497789
8.152896
8.124155
8.363664
8.344503
8.210378
8.143315
7.731359
7.166118
8.804361
9.819880
8.516950
8.162477
8.258280
8.804361
9.819880
9.791140
9.015129
8.392405
7.721779
8.555271
8.181637
6.227241
6.581715
7.511011
8.076253
8.718138
8.890584
8.967227
9.264218
9.532469
10.289318
9.886943
7.913386
7.625975
8.507369
8.287021
8.564852
8.698977
7.233180
7.051153
7.865485
7.606814
7.865485
7.990029
8.296601
9.973166
10.749176
9.963586
10.107291
10.174354
9.570790
9.417504
8.842683
7.932547
7.635556
8.133735
8.239119
8.028351
8.066672
8.334923
8.593593
8.449887
8.382825
8.488209
8.785200
8.794781
7.654716
6.878706
8.545691
9.197156
8.219958
8.536111
7.539752
6.179339
6.054794
6.505072
7.223600
7.434368
7.913386
8.516950
9.187575
8.727718
7.242761
6.802063
7.233180
6.926608
5.767383
6.878706
8.804361
9.053451
9.053451
8.287021
8.047512
8.708557
8.507369
8.287021
7.415207
7.396046
8.785200
8.804361
8.679816
9.637854
9.963586
9.724076
9.618692
9.446246
9.743237
9.245058
8.507369
9.177996
10.126452
9.676175
8.957647
8.631914
7.961288
7.903806
8.258280
8.679816
8.746879
8.526530
8.287021
8.057092
8.200797
8.526530
8.555271
8.306182
7.434368
7.146957
9.177996
10.126452
9.676175
9.465406
8.344503
9.101353
10.346801
9.522889
8.881004
8.593593
8.200797
8.267860
8.813941
8.296601
7.166118
6.639197
6.399688
7.808002
9.743237
10.260577
9.992327
10.001907
9.867782
8.670236
8.746879
8.651075
7.597234
7.990029
7.788842
6.936189
6.917028
7.673877
8.411566
8.248699
8.421146
8.114574
8.995968
10.289318
9.494147
9.130094
9.340861
8.162477
7.875065
8.497789
7.645136
7.376885
7.118216
7.127796
7.769681
7.932547
8.143315
8.497789
8.411566
8.363664
8.478628
8.526530
8.804361
8.804361
7.913386
6.859546
8.536111
9.819880
9.273799
9.407925
8.200797
6.620036
7.146957
7.779261
7.185278
6.907447
7.922967
8.775620
8.536111
7.913386
8.775620
9.551630
9.283380
10.433024
9.819880
8.516950
8.421146
8.239119
9.177996
9.360023
8.555271
8.948067
9.254639
8.516950
7.903806
8.775620
8.919326
8.354083
8.095413
7.970869
9.053451
9.685755
9.474987
9.379183
9.206737
8.612754
8.085834
8.718138
9.149254
8.459468
7.625975
6.984090
7.702618
8.545691
8.306182
8.315762
8.584012
8.574432
8.574432
8.440307
8.382825
8.612754
8.718138
8.766040
8.152896
7.233180
8.325342
9.091772
8.564852
9.455826
9.369603
9.197156
10.136032
9.551630
8.775620
8.152896
7.233180
7.568493
7.079894
6.093116
7.031992
7.980449
8.545691
8.555271
8.057092
9.091772
9.695335
8.718138
8.766040
9.043870
8.919326
8.354083
7.194859
6.399688
7.175698
7.664297
7.127796
6.246402
5.326686
6.677518
8.191217
8.143315
8.756459
9.168415
10.250997
10.241417
8.708557
8.890584
8.469048
8.009191
8.689397
8.881004
8.967227
9.139674
8.833102
8.564852
8.057092
7.951708
8.152896
8.114574
7.980449
8.037931
8.315762
8.584012
7.817583
6.821224
8.516950
9.561211
8.775620
9.043870
8.794781
8.421146
9.015129
9.034289
8.526530
8.545691
8.430726
8.248699
9.177996
8.976808
7.990029
8.047512
7.434368
8.804361
10.586310
9.762398
9.120513
9.340861
8.804361
8.430726
9.264218
9.398344
8.191217
7.760100
7.942128
7.003251
7.204439
8.181637
8.258280
8.296601
7.673877
6.629617
7.922967
10.174354
10.720435
10.078550
9.015129
9.666595
10.480926
9.455826
8.727718
8.133735
7.472689
7.673877
8.152896
8.248699
8.037931
8.066672
8.334923
8.593593
8.708557
8.631914
8.593593
8.459468
8.133735
7.606814
8.497789
9.934845
9.839041
9.666595
8.823522
6.533813
5.451231
6.476331
7.089475
6.859546
7.903806
8.766040
8.152896
7.491850
7.942128
8.660655
9.369603
10.212675
9.465406
8.861843
8.833102
7.673877
8.028351
9.455826
8.603173
7.309823
6.198500
5.815285
6.648777
8.181637
8.775620
7.645136
8.392405
9.503728
8.881004
8.967227
9.522889
9.398344
9.465406
10.385122
10.059389
8.124155
7.597234
7.990029
7.405627
7.396046
8.660655
9.120513
8.564852
8.440307
8.507369
8.411566
8.114574
7.731359
7.922967
8.401985
8.363664
8.095413
7.587654
7.089475
8.775620
9.302540
8.277440
8.430726
8.890584
9.225897
8.746879
7.894226
6.725420
5.422490
6.725420
9.484568
9.503728
9.130094
9.340861
8.804361
8.421146
9.522889
10.538408
9.992327
9.867782
8.670236
6.706260
6.945769
8.191217
8.516950
7.012832
5.805705
5.757803
7.137376
8.287021
7.932547
9.034289
9.417504
8.200797
8.401985
9.379183
9.206737
8.737298
9.542049
9.532469
8.631914
8.344503
7.827163
6.955349
6.802063
7.999610
8.679816
8.497789
8.536111
8.555271
8.564852
8.440307
8.124155
8.104994
8.229539
8.277440
8.306182
7.558913
6.830804
8.392405
8.995968
7.750520
7.808002
7.961288
7.520591
8.085834
9.101353
8.440307
7.491850
7.942128
8.152896
7.865485
7.855904
8.995968
10.423444
9.685755
8.076253
7.453528
8.047512
8.708557
8.756459
9.676175
9.973166
8.842683
7.300243
5.939830
6.457170
7.578074
7.855904
7.597234
6.974510
6.677518
6.418849
8.200797
10.433024
9.819880
9.024710
8.785200
8.919326
8.986388
9.522889
9.522889
8.507369
7.645136
7.127796
7.894226
8.641495
8.727718
8.775620
8.794781
8.804361
8.555271
8.430726
8.641495
8.603173
8.584012
8.708557
8.124155
7.348145
9.015129
9.417504
8.325342
9.216317
9.379183
7.673877
7.003251
8.095413
8.095413
7.204439
7.166118
7.654716
7.127796
7.386466
7.760100
7.558913
8.219958
9.302540
8.909745
7.961288
8.287021
7.798422
8.593593
10.107291
9.666595
9.331282
9.436666
8.469048
7.242761
8.459468
9.158834
8.200797
8.143315
7.865485
6.964930
5.911089
6.955349
7.817583
7.453528
9.197156
9.877362
8.794781
7.779261
7.309823
7.214019
7.300243
8.104994
8.354083
8.344503
8.210378
8.152896
8.373244
8.219958
8.152896
8.114574
8.229539
8.545691
8.689397
8.114574
7.338564
8.631914
9.235477
8.373244
8.603173
8.708557
6.849965
5.345847
6.169759
6.687099
6.926608
8.057092
8.708557
8.507369
7.903806
8.133735
7.855904
7.990029
10.337220
10.279738
8.727718
8.009191
7.549332
8.986388
10.547989
10.126452
8.660655
7.338564
7.357725
8.507369
7.779261
6.926608
8.315762
8.191217
7.376885
7.252341
7.702618
9.561211
10.174354
9.321701
9.053451
8.919326
9.752818
9.762398
7.855904
6.581715
6.878706
7.520591
7.827163
8.219958
8.277440
8.306182
8.708557
8.631914
8.095413
8.095413
8.344503
8.210378
8.143315
7.606814
7.990029
10.078550
10.423444
9.436666
9.101353
8.181637
8.258280
8.679816
8.239119
8.794781
8.804361
8.296601
7.424788
7.271502
8.727718
9.666595
9.714497
9.743237
9.494147
9.254639
9.398344
8.957647
9.637854
10.337220
10.030648
9.379183
7.808002
7.836743
8.603173
7.951708
7.386466
7.003251
7.712199
9.312120
9.043870
8.152896
8.881004
8.976808
8.248699
9.312120
9.292960
8.651075
8.986388
8.890584
9.609112
9.561211
8.267860
6.907447
6.773322
7.482270
7.683457
8.152896
8.373244
8.727718
8.766040
8.411566
8.363664
8.478628
8.775620
8.028351
6.792483
8.373244
8.986388
7.875065
8.373244
8.095413
7.204439
7.932547
8.775620
8.670236
7.472689
5.891928
5.796124
7.271502
8.219958
7.012832
6.188920
6.064375
7.913386
10.040229
9.886943
9.436666
9.867782
9.934845
9.589952
9.168415
8.469048
8.651075
8.095413
7.204439
8.066672
8.200797
7.252341
7.578074
7.855904
7.855904
7.980449
7.654716
7.511011
8.076253
8.334923
8.200797
8.909745
8.986388
8.382825
7.597234
7.099055
7.501431
7.808002
7.836743
7.846324
8.229539
8.411566
8.497789
8.660655
8.612754
8.459468
8.143315
7.990029
7.156537
6.255982
7.865485
9.005548
8.641495
8.478628
7.760100
6.409268
5.911089
6.696679
7.568493
7.855904
8.229539
8.152896
8.507369
8.670236
8.488209
9.427085
9.609112
9.695335
9.474987
10.001907
10.126452
8.785200
9.312120
9.292960
8.018770
7.300243
6.572134
6.620036
7.788842
8.334923
8.076253
8.593593
8.708557
8.507369
9.685755
10.231836
9.474987
9.503728
10.155193
10.327640
10.404283
10.193515
9.072611
8.047512
8.325342
8.833102
7.290662
6.572134
7.635556
8.133735
8.363664
8.478628
8.526530
8.421146
8.373244
8.612754
8.718138
8.382825
7.597234
6.840385
8.401985
10.270158
9.618692
8.670236
7.472689
6.150598
5.786544
6.888287
7.913386
7.501431
7.434368
8.037931
8.066672
7.578074
7.348145
7.999610
8.555271
7.922967
7.501431
8.708557
9.398344
8.698977
9.647433
9.963586
8.842683
8.440307
8.248699
8.037931
8.708557
9.532469
8.258280
6.773322
7.223600
7.434368
8.037931
9.599532
10.068970
9.398344
8.698977
8.373244
7.587654
8.239119
8.804361
7.788842
6.936189
6.917028
7.415207
7.779261
8.200797
8.267860
8.172056
8.258280
8.172056
8.124155
7.980449
8.037931
8.325342
8.708557
8.507369
7.396046
8.660655
9.503728
9.005548
9.283380
8.143315
6.974510
7.060733
8.124155
8.612754
7.702618
8.162477
8.766040
8.277440
7.673877
6.754161
7.089475
8.258280
9.695335
9.340861
8.162477
8.124155
7.472689
8.057092
9.599532
9.177996
8.344503
8.842683
8.574432
7.808002
8.210378
7.511011
6.418849
6.418849
6.294304
8.267860
10.078550
9.532469
8.890584
9.225897
9.264218
9.024710
9.676175
9.082191
8.430726
7.999610
7.664297
8.785200
9.302540
8.909745
8.727718
8.641495
8.603173
8.584012
8.708557
8.631914
8.469048
8.267860
8.047512
7.051153
6.715840
8.976808
10.030648
9.379183
9.714497
9.609112
9.302540
9.676175
9.216317
8.104994
6.572134
6.236822
6.591295
7.903806
8.516950
8.162477
9.398344
9.216317
8.488209
7.645136
8.526530
9.695335
8.200797
8.651075
10.001907
8.976808
7.999610
8.047512
7.558913
6.696679
7.693038
8.287021
7.290662
6.572134
6.370947
8.047512
9.216317
8.229539
7.137376
7.012832
7.587654
8.363664
8.085834
7.578074
8.612754
8.459468
7.750520
8.315762
8.574432
8.574432
8.698977
8.631914
8.469048
8.267860
8.047512
8.066672
8.334923
8.459468
8.267860
7.664297
7.003251
8.478628
9.666595
9.465406
9.877362
8.919326
8.344503
9.350442
8.938486
8.104994
8.861843
8.708557
7.740940
7.932547
7.635556
7.367305
8.392405
8.363664
9.235477
10.912043
10.557569
9.752818
9.886943
9.819880
8.900165
8.976808
9.139674
8.325342
7.693038
6.897867
7.913386
9.915684
9.704916
9.101353
8.948067
8.871424
8.459468
9.407925
10.107291
9.283380
9.542049
9.273799
7.760100
7.424788
8.037931
7.942128
7.003251
7.463109
8.555271
8.306182
8.066672
8.076253
8.210378
8.277440
8.172056
8.133735
8.239119
8.162477
8.248699
7.913386
7.501431
9.091772
10.088131
9.407925
9.474987
8.488209
6.878706
7.012832
7.846324
8.104994
7.463109
7.664297
8.660655
8.861843
7.942128
7.520591
7.951708
8.660655
9.120513
8.574432
8.440307
8.382825
8.488209
9.800719
10.672533
9.417504
8.325342
8.076253
7.578074
7.089475
7.367305
7.625975
7.242761
7.568493
8.363664
8.976808
9.522889
9.522889
9.398344
8.957647
8.622334
8.593593
8.833102
9.072611
8.172056
7.875065
7.606814
6.591295
6.754161
7.338564
7.616395
7.990029
8.172056
8.133735
8.239119
8.545691
8.555271
8.564852
8.823522
8.306182
7.434368
8.928905
10.011488
9.245058
9.015129
7.884645
8.382825
10.001907
9.494147
8.871424
8.584012
7.683457
7.903806
9.915684
9.829460
8.267860
8.430726
8.631914
9.743237
10.643792
10.040229
10.145613
10.193515
9.063031
7.913386
8.516950
8.670236
7.855904
6.964930
6.294304
7.511011
8.708557
7.999610
8.047512
8.584012
8.315762
7.817583
9.110932
10.088131
9.024710
8.401985
8.104994
9.245058
10.413863
9.685755
8.833102
9.206737
8.488209
7.769681
8.325342
8.325342
8.334923
8.459468
8.392405
8.354083
8.469048
8.651075
8.478628
8.267860
7.798422
7.319404
8.622334
9.484568
9.245058
9.264218
9.024710
8.143315
8.114574
8.737298
8.516950
7.779261
7.309823
7.721779
9.063031
9.312120
8.536111
9.187575
8.861843
9.216317
10.902462
10.921623
10.806659
11.007846
9.321701
7.779261
8.957647
9.513309
8.373244
7.970869
7.654716
7.376885
8.267860
8.172056
8.124155
8.737298
9.532469
9.657014
8.698977
8.248699
8.037931
8.325342
9.091772
9.197156
7.846324
8.104994
8.478628
7.386466
7.376885
8.018770
8.181637
8.133735
8.363664
8.478628
8.526530
8.421146
8.248699
8.421146
8.373244
8.095413
7.712199
7.281082
8.737298
9.791140
9.522889
9.771978
8.497789
6.629617
7.156537
8.421146
9.015129
7.884645
6.342206
6.380527
7.166118
7.788842
8.593593
9.474987
8.871424
8.076253
8.976808
10.030648
10.011488
9.877362
9.810300
9.657014
9.839041
9.551630
8.641495
7.836743
7.338564
8.756459
9.158834
8.085834
6.821224
6.610456
7.779261
8.708557
9.015129
8.526530
8.804361
8.679816
8.497789
9.427085
9.350442
8.670236
7.731359
6.782903
6.591295
7.012832
7.587654
7.980449
8.172056
8.124155
8.104994
8.095413
8.219958
8.277440
8.057092
8.076253
7.328984
7.357725
9.398344
8.957647
7.990029
8.296601
8.440307
9.398344
8.957647
8.114574
7.721779
7.539752
8.344503
8.334923
6.811644
6.725420
7.961288
8.028351
8.574432
9.082191
8.938486
9.628273
9.829460
9.532469
9.915684
9.580371
9.292960
8.392405
7.855904
8.114574
7.846324
8.229539
7.137376
7.396046
9.542049
8.890584
7.443948
8.421146
8.881004
8.593593
9.848621
9.925264
9.839041
9.676175
8.698977
9.647433
9.963586
8.584012
7.942128
7.894226
7.999610
7.922967
8.009191
8.181637
8.133735
8.104994
8.354083
8.603173
8.708557
8.631914
8.095413
7.328984
8.631914
10.001907
9.235477
8.622334
8.469048
8.267860
8.679816
9.005548
8.775620
8.287021
7.549332
7.836743
8.861843
8.957647
7.865485
8.239119
8.804361
9.446246
10.634212
10.806659
10.758757
11.113231
10.777917
9.724076
9.743237
9.494147
9.005548
8.133735
7.731359
8.948067
9.379183
8.948067
8.871424
9.216317
9.005548
8.516950
8.421146
8.239119
9.685755
10.873721
10.279738
10.126452
9.551630
8.392405
7.980449
7.405627
7.012832
7.463109
7.798422
8.076253
8.344503
8.334923
8.200797
8.018770
8.057092
8.200797
8.018770
7.808002
8.334923
8.584012
9.340861
10.068970
9.657014
9.206737
9.120513
8.057092
7.185278
8.430726
8.881004
7.702618
7.530171
8.718138
9.398344
8.698977
7.990029
8.047512
8.957647
9.130094
7.683457
8.287021
9.072611
8.928905
9.120513
8.698977
8.248699
7.913386
8.009191
8.057092
8.076253
8.085834
7.328984
7.990029
8.555271
7.798422
8.469048
7.884645
7.108635
8.018770
8.181637
8.258280
8.804361
7.664297
5.853607
6.160179
6.677518
7.175698
7.415207
7.396046
7.894226
8.507369
8.794781
8.545691
8.306182
8.066672
8.210378
8.401985
8.239119
8.028351
7.424788
7.654716
9.542049
10.547989
9.867782
9.302540
8.536111
8.928905
9.379183
7.922967
6.485911
5.690741
5.824865
6.016473
5.470392
6.102696
8.057092
8.967227
9.139674
8.584012
7.434368
8.162477
9.657014
9.714497
9.225897
8.881004
8.334923
8.210378
8.277440
8.181637
7.750520
6.792483
6.342206
7.271502
8.478628
8.392405
8.612754
7.951708
8.152896
9.398344
8.957647
9.388763
10.222256
9.589952
8.919326
9.245058
9.264218
8.382825
7.463109
7.415207
8.028351
8.191217
8.133735
8.363664
8.478628
8.401985
8.239119
8.162477
8.124155
7.980449
7.530171
7.578074
9.254639
10.413863
9.685755
8.698977
8.248699
9.561211
10.308479
9.254639
8.631914
8.219958
7.645136
7.501431
8.708557
8.507369
7.405627
7.261921
6.811644
8.382825
10.385122
9.925264
9.704916
10.624632
9.906103
9.063031
9.561211
8.775620
7.779261
7.568493
7.980449
9.312120
9.551630
8.009191
7.290662
8.229539
9.302540
10.308479
10.404283
9.417504
8.584012
7.558913
7.328984
8.881004
10.490506
9.714497
8.085834
8.095413
7.328984
6.849965
7.635556
7.750520
8.057092
8.334923
8.584012
8.833102
8.823522
8.689397
8.363664
8.095413
7.070314
6.476331
8.612754
9.350442
8.421146
8.756459
8.785200
8.162477
7.616395
8.258280
8.545691
7.031992
7.472689
8.813941
8.689397
8.756459
8.401985
8.363664
8.478628
9.666595
10.097711
9.158834
8.842683
8.823522
8.057092
7.060733
7.616395
8.248699
7.788842
8.459468
9.532469
9.149254
8.334923
8.200797
9.158834
9.225897
8.239119
8.411566
9.513309
10.030648
9.762398
9.503728
9.896523
10.078550
9.522889
8.756459
8.143315
7.357725
7.999610
8.938486
8.612754
8.334923
8.334923
8.334923
8.459468
8.516950
8.411566
8.373244
8.603173
8.708557
7.999610
7.290662
8.612754
9.474987
9.245058
9.522889
8.890584
8.210378
9.168415
9.867782
9.302540
8.536111
8.172056
8.258280
9.063031
8.919326
7.712199
8.679816
9.130094
7.817583
7.204439
8.698977
9.139674
8.833102
9.714497
9.733657
8.737298
8.009191
7.673877
7.261921
7.836743
8.354083
8.085834
7.961288
7.271502
6.562554
8.651075
10.136032
9.168415
8.852262
8.957647
8.239119
8.037931
9.216317
9.637854
8.430726
7.740940
7.166118
6.265563
6.725420
7.836743
7.846324
7.721779
8.172056
8.382825
8.354083
8.344503
8.593593
8.584012
8.823522
8.813941
8.306182
9.206737
10.011488
9.877362
9.685755
9.724076
9.235477
8.497789
8.670236
8.746879
7.760100
7.942128
10.059389
9.771978
8.871424
9.599532
8.919326
7.836743
9.369603
10.212675
9.331282
9.053451
8.928905
8.095413
8.219958
9.292960
8.526530
7.022412
6.955349
7.558913
8.603173
8.459468
8.009191
9.321701
9.427085
8.459468
7.501431
7.817583
8.727718
8.516950
9.177996
9.235477
8.373244
8.095413
7.970869
7.903806
8.900165
9.609112
8.928905
8.478628
8.401985
8.488209
8.401985
8.746879
9.417504
9.474987
8.995968
8.382825
7.980449
7.271502
7.453528
9.197156
8.986388
7.875065
7.990029
7.788842
8.967227
10.413863
9.302540
8.018770
8.574432
8.574432
8.315762
9.589952
8.919326
7.846324
8.871424
9.216317
8.363664
7.578074
8.622334
9.484568
8.737298
9.407925
9.599532
8.670236
8.104994
8.229539
8.536111
9.187575
10.126452
9.043870
7.386466
7.635556
8.133735
8.363664
8.852262
8.957647
8.881004
8.459468
8.258280
8.172056
8.507369
7.903806
6.993671
7.712199
8.296601
8.823522
9.072611
8.421146
7.990029
8.047512
8.191217
8.641495
8.852262
8.574432
8.574432
8.698977
8.631914
8.344503
7.568493
8.354083
9.110932
8.440307
8.507369
8.670236
8.746879
8.651075
8.478628
7.386466
5.729062
6.600875
9.053451
9.043870
8.411566
8.497789
9.676175
10.490506
9.589952
8.794781
9.312120
9.427085
9.225897
9.513309
8.239119
7.271502
7.453528
7.156537
6.514652
7.482270
8.574432
8.948067
8.746879
9.292960
9.791140
9.015129
7.501431
6.284723
7.118216
7.137376
5.738642
5.719481
7.242761
8.708557
8.382825
7.846324
7.721779
7.156537
7.405627
7.769681
7.942128
8.018770
8.057092
8.076253
8.210378
8.401985
8.363664
8.469048
8.651075
8.095413
7.204439
8.440307
9.273799
8.516950
9.053451
8.660655
6.581715
5.604517
6.677518
7.175698
6.514652
7.357725
8.641495
8.354083
7.961288
7.645136
7.252341
7.194859
8.306182
8.698977
8.373244
8.603173
9.101353
9.704916
8.976808
7.999610
8.172056
7.999610
6.897867
6.514652
7.108635
7.635556
7.242761
8.459468
9.791140
9.647433
9.580371
8.919326
8.478628
7.769681
7.558913
7.846324
7.597234
7.482270
6.917028
5.508713
5.365008
6.687099
7.568493
8.229539
8.411566
8.497789
8.536111
8.555271
8.430726
8.248699
8.287021
8.181637
8.133735
7.731359
7.290662
8.612754
8.842683
8.057092
8.584012
8.708557
8.631914
8.469048
7.635556
7.625975
8.641495
8.986388
8.507369
7.913386
8.651075
8.861843
7.942128
7.769681
9.082191
9.829460
9.915684
10.979105
10.203095
8.440307
7.999610
8.430726
8.248699
7.405627
7.894226
8.507369
8.162477
8.890584
8.593593
7.051153
8.239119
9.944425
9.589952
8.536111
8.555271
9.072611
8.804361
8.804361
8.172056
6.466751
5.681160
6.715840
7.578074
7.472689
7.673877
8.152896
8.248699
8.296601
8.440307
8.133735
7.855904
7.980449
8.162477
8.382825
8.612754
8.210378
7.511011
8.076253
8.469048
8.267860
8.689397
8.373244
8.861843
9.082191
8.047512
7.309823
6.581715
6.495492
7.980449
9.063031
8.670236
7.846324
8.363664
9.235477
8.746879
7.884645
7.357725
7.999610
8.181637
8.009191
8.172056
8.258280
8.047512
6.802063
6.984090
8.469048
8.516950
8.287021
7.798422
6.811644
6.485911
7.855904
8.871424
8.325342
8.842683
8.698977
6.208080
5.182981
6.610456
7.654716
7.127796
7.386466
7.635556
6.735001
7.079894
7.875065
8.239119
8.421146
8.373244
8.478628
9.034289
8.919326
8.354083
8.469048
8.267860
7.539752
6.945769
8.449887
9.781559
9.139674
9.082191
8.296601
7.175698
8.181637
8.775620
8.411566
7.223600
5.911089
5.805705
7.281082
8.095413
7.328984
7.865485
8.497789
8.670236
8.995968
9.149254
8.584012
7.558913
6.572134
6.370947
7.415207
7.261921
6.054794
6.888287
8.545691
8.430726
8.631914
9.494147
9.005548
8.267860
9.446246
10.375542
9.283380
9.407925
9.340861
7.405627
6.246402
7.099055
7.376885
6.993671
7.712199
8.555271
8.306182
7.942128
8.143315
8.239119
8.287021
8.306182
8.315762
8.200797
8.267860
8.430726
8.248699
8.037931
7.558913
7.079894
8.507369
9.177996
8.469048
8.392405
8.363664
7.453528
6.907447
6.773322
6.208080
5.681160
5.307526
7.051153
9.005548
9.024710
8.526530
8.928905
9.120513
8.698977
8.124155
8.363664
8.852262
9.082191
9.446246
8.976808
8.124155
8.363664
7.961288
5.872767
5.537455
7.664297
8.526530
7.405627
8.536111
9.695335
8.833102
9.072611
9.570790
8.785200
7.271502
7.079894
7.233180
7.558913
7.463109
7.166118
7.913386
8.133735
7.348145
6.984090
7.827163
8.354083
8.469048
8.392405
8.488209
8.401985
8.239119
8.287021
8.181637
8.133735
7.731359
7.156537
8.296601
8.823522
8.306182
8.449887
8.766040
8.909745
8.219958
7.645136
7.376885
6.485911
7.472689
9.455826
9.360023
8.813941
8.047512
8.449887
9.149254
8.708557
8.507369
9.810300
10.289318
8.986388
9.398344
9.724076
8.469048
8.392405
7.721779
6.016473
6.112277
7.549332
8.219958
7.520591
7.951708
8.660655
9.379183
10.595890
10.653373
9.666595
8.823522
9.321701
9.427085
8.967227
8.631914
7.836743
7.079894
7.108635
8.267860
8.804361
8.555271
8.564852
8.564852
8.440307
8.507369
8.670236
8.612754
8.593593
8.449887
8.133735
7.089475
6.227241
7.606814
7.740940
7.549332
8.986388
8.258280
5.882348
5.278784
7.041573
7.855904
7.089475
7.875065
9.139674
8.449887
8.009191
8.813941
8.938486
8.995968
10.040229
9.762398
8.622334
8.469048
7.635556
6.984090
7.827163
8.861843
8.957647
7.606814
7.108635
7.376885
8.651075
8.986388
7.875065
8.239119
8.421146
7.990029
8.047512
9.474987
10.136032
9.302540
8.909745
8.861843
8.833102
8.057092
6.926608
6.658358
7.673877
8.028351
7.673877
7.894226
7.875065
8.114574
8.354083
8.219958
8.018770
8.057092
8.200797
8.143315
8.239119
7.405627
6.878706
8.928905
8.995968
7.616395
7.865485
7.482270
7.290662
8.354083
8.852262
8.315762
7.434368
6.897867
6.897867
7.156537
7.012832
6.830804
7.501431
8.584012
9.082191
8.813941
9.321701
9.427085
8.459468
8.900165
10.001907
9.369603
8.689397
8.114574
7.089475
7.367305
9.024710
9.292960
7.635556
7.376885
7.884645
8.631914
9.110932
8.823522
8.555271
8.057092
7.951708
7.645136
8.516950
8.928905
7.846324
7.597234
7.731359
7.539752
7.578074
7.855904
8.114574
8.478628
8.401985
8.239119
8.028351
8.066672
8.334923
8.334923
8.076253
7.961288
7.903806
9.149254
9.724076
8.603173
8.200797
9.034289
9.934845
9.072611
8.037931
7.942128
7.003251
6.821224
7.750520
8.191217
8.526530
8.545691
8.430726
8.373244
8.354083
8.852262
10.097711
9.666595
8.698977
8.890584
8.210378
7.252341
7.319404
6.715840
6.687099
8.200797
8.392405
8.363664
7.836743
8.737298
9.666595
8.698977
8.497789
9.177996
9.743237
9.245058
8.756459
8.018770
7.549332
7.587654
6.581715
6.370947
7.922967
8.143315
7.731359
7.922967
7.884645
7.990029
8.172056
8.382825
8.612754
8.718138
8.641495
8.603173
8.708557
7.999610
6.897867
8.172056
8.890584
8.593593
9.340861
8.804361
7.281082
7.079894
8.133735
8.114574
6.964930
7.434368
8.421146
8.497789
8.794781
9.695335
10.241417
9.982746
10.883302
11.295258
10.097711
8.900165
8.085834
8.219958
9.168415
9.101353
7.922967
7.252341
7.319404
7.606814
7.108635
6.620036
7.788842
7.951708
7.769681
9.216317
8.995968
7.750520
7.808002
8.469048
8.775620
9.168415
9.225897
7.606814
7.606814
8.124155
7.089475
7.625975
8.507369
8.287021
8.564852
8.948067
8.746879
8.651075
8.861843
8.833102
8.689397
8.756459
8.785200
7.903806
7.625975
9.657014
10.222256
8.833102
9.072611
9.446246
8.469048
8.651075
8.478628
8.526530
8.804361
7.664297
7.386466
8.526530
8.938486
8.229539
7.396046
6.620036
8.172056
10.040229
10.145613
10.193515
11.103650
10.768337
9.848621
9.925264
8.948067
7.472689
7.932547
8.267860
6.773322
6.073955
7.022412
7.970869
8.545691
10.078550
9.532469
7.625975
8.124155
10.145613
10.318060
9.264218
9.398344
8.698977
7.740940
7.798422
7.319404
6.457170
6.821224
7.491850
7.683457
8.028351
8.315762
8.449887
8.900165
8.842683
8.440307
8.258280
8.037931
7.942128
7.511011
8.584012
8.957647
7.855904
7.980449
8.037931
7.051153
6.332625
7.530171
8.334923
7.951708
8.411566
9.005548
8.641495
8.861843
9.082191
8.813941
8.172056
8.890584
9.360023
8.555271
9.072611
9.312120
8.152896
7.491850
7.683457
8.411566
8.114574
8.104994
9.245058
8.507369
7.779261
8.066672
8.469048
8.526530
9.053451
8.794781
8.545691
8.689397
8.881004
8.976808
8.124155
7.731359
7.156537
6.639197
7.290662
7.587654
7.099055
7.376885
7.884645
7.990029
8.172056
8.382825
8.229539
8.028351
8.057092
8.200797
8.401985
8.363664
8.219958
7.894226
8.766040
8.909745
7.712199
8.296601
9.082191
9.570790
10.183934
9.954005
9.474987
8.737298
7.501431
7.434368
8.421146
7.990029
6.773322
6.715840
7.194859
8.813941
10.461765
9.963586
9.091772
9.580371
9.676175
9.082191
9.063031
8.421146
7.865485
7.731359
7.290662
8.095413
9.369603
9.072611
8.928905
9.379183
9.206737
8.995968
9.657014
9.589952
8.660655
7.846324
7.597234
9.130094
9.973166
9.225897
8.746879
9.676175
9.331282
8.287021
8.315762
8.325342
8.459468
8.516950
8.421146
8.114574
8.104994
8.219958
8.277440
8.181637
7.625975
6.984090
7.961288
7.903806
7.108635
7.635556
8.133735
8.488209
8.785200
9.177996
8.603173
7.185278
7.922967
9.417504
9.350442
9.063031
9.436666
9.225897
8.622334
9.867782
9.944425
8.957647
9.264218
8.382825
5.939830
5.824865
7.290662
8.219958
7.769681
7.434368
8.162477
7.875065
7.223600
8.076253
8.334923
8.200797
9.925264
10.346801
9.024710
8.526530
8.679816
9.005548
9.283380
8.775620
8.287021
6.907447
6.016473
6.236822
7.089475
8.133735
8.104994
7.970869
7.779261
7.817583
7.961288
8.287021
8.564852
8.440307
8.507369
8.411566
7.223600
6.284723
7.884645
8.248699
7.913386
8.775620
8.794781
8.670236
8.488209
7.894226
7.616395
7.108635
7.511011
8.708557
8.124155
7.980449
8.037931
8.191217
8.775620
8.919326
9.245058
9.264218
9.273799
8.900165
7.836743
7.587654
8.622334
8.593593
7.060733
6.974510
7.951708
8.287021
8.564852
8.315762
7.558913
7.463109
8.564852
9.072611
8.421146
9.264218
9.906103
8.938486
8.622334
8.593593
7.942128
7.137376
7.003251
6.821224
6.610456
7.271502
7.712199
7.788842
7.693038
7.779261
8.066672
8.076253
7.961288
8.028351
8.057092
8.200797
8.018770
7.166118
8.545691
10.212675
9.714497
9.609112
8.928905
7.721779
7.922967
8.267860
7.922967
7.376885
7.127796
7.261921
8.593593
8.833102
7.673877
7.645136
7.884645
7.990029
7.539752
7.961288
8.536111
8.938486
9.886943
9.436666
7.836743
7.846324
8.488209
7.261921
6.428429
7.951708
8.660655
7.597234
7.233180
7.060733
6.974510
7.578074
8.612754
8.976808
8.631914
9.235477
9.388763
8.315762
8.449887
9.024710
8.143315
7.482270
8.315762
8.833102
8.564852
8.306182
8.066672
8.076253
8.344503
8.210378
8.152896
8.507369
8.411566
8.239119
8.287021
8.057092
8.584012
8.708557
8.631914
8.976808
8.507369
8.794781
9.053451
7.779261
7.309823
7.099055
6.102696
5.891928
6.936189
8.057092
8.459468
8.900165
9.867782
9.934845
9.839041
10.308479
9.120513
7.424788
7.654716
7.884645
7.357725
8.124155
8.871424
8.708557
7.740940
7.166118
7.913386
7.760100
7.424788
8.670236
9.503728
9.005548
8.267860
8.172056
8.009191
8.181637
8.392405
7.980449
7.405627
7.386466
7.884645
7.357725
6.735001
7.204439
8.181637
8.641495
8.603173
8.584012
8.315762
7.942128
7.769681
7.942128
8.143315
8.497789
8.411566
7.740940
8.689397
9.637854
9.446246
9.235477
8.746879
7.884645
7.616395
7.999610
7.539752
7.070314
7.616395
8.248699
7.654716
6.495492
5.700321
6.342206
7.788842
8.842683
9.082191
9.187575
8.861843
7.309823
7.597234
9.130094
9.216317
9.120513
8.440307
7.108635
6.744581
7.463109
7.290662
6.955349
7.434368
7.654716
7.760100
7.434368
7.788842
7.693038
8.037931
9.465406
10.260577
9.743237
8.737298
8.133735
7.731359
7.788842
8.210378
8.526530
8.545691
8.689397
8.373244
8.229539
8.536111
8.430726
8.373244
8.478628
8.401985
8.746879
8.900165
8.085834
8.727718
9.273799
9.283380
9.666595
9.206737
9.245058
8.890584
8.210378
7.894226
7.242761
6.418849
7.951708
10.193515
10.088131
9.407925
8.833102
8.564852
9.714497
9.743237
8.478628
8.526530
9.063031
9.177996
8.603173
7.319404
7.348145
7.367305
6.102696
6.150598
7.568493
8.478628
7.386466
8.018770
9.704916
9.350442
9.063031
8.421146
7.357725
7.118216
7.769681
7.817583
7.578074
7.089475
7.376885
8.143315
7.099055
6.620036
7.281082
7.712199
7.788842
7.951708
8.277440
8.564852
8.564852
8.191217
8.009191
8.555271
8.689397
7.482270
6.792483
8.756459
9.292960
8.267860
8.813941
8.430726
7.233180
6.926608
8.057092
8.584012
7.942128
8.536111
8.421146
7.099055
6.869126
7.903806
8.133735
7.980449
9.063031
9.436666
8.842683
8.440307
7.491850
8.066672
9.858202
9.168415
8.593593
8.708557
7.999610
8.555271
9.714497
8.842683
7.808002
7.702618
7.530171
8.210378
9.551630
9.532469
8.766040
9.168415
9.225897
8.622334
9.235477
9.005548
7.501431
7.817583
8.344503
6.936189
6.667938
7.549332
7.970869
8.287021
8.306182
8.449887
8.382825
8.354083
8.469048
8.526530
8.679816
7.731359
6.907447
8.564852
9.839041
9.158834
9.225897
9.388763
7.673877
6.370947
7.415207
7.779261
6.802063
7.108635
8.018770
7.808002
7.578074
8.488209
8.401985
8.488209
10.183934
10.088131
8.766040
8.152896
7.357725
8.382825
9.877362
9.427085
9.091772
8.181637
6.859546
7.261921
8.976808
8.881004
7.185278
6.399688
6.150598
7.827163
10.260577
10.758757
10.480926
10.988686
9.954005
9.091772
9.704916
8.976808
7.740940
7.549332
7.712199
7.539752
7.827163
8.229539
8.785200
8.919326
8.737298
8.516950
8.421146
8.497789
8.411566
8.363664
8.603173
7.568493
6.188920
8.095413
8.603173
7.817583
8.219958
8.152896
8.124155
7.855904
8.746879
8.277440
6.782903
7.357725
7.875065
7.233180
6.667938
7.424788
8.545691
8.813941
9.321701
9.168415
8.344503
8.334923
7.443948
7.156537
8.545691
9.072611
9.177996
8.469048
7.760100
7.424788
8.037931
8.449887
7.242761
8.200797
8.909745
8.344503
8.976808
9.647433
9.963586
10.365961
10.174354
10.337220
10.662952
9.283380
8.143315
7.606814
6.974510
7.827163
8.727718
8.392405
8.354083
8.469048
8.392405
8.488209
8.660655
8.737298
8.526530
8.162477
7.999610
7.031992
6.198500
7.970869
9.685755
9.599532
9.436666
9.484568
8.737298
8.009191
8.689397
8.881004
7.693038
8.162477
8.507369
7.779261
8.066672
9.350442
9.829460
9.407925
10.365961
10.672533
10.059389
9.906103
9.704916
8.593593
7.942128
7.894226
7.750520
6.917028
7.290662
9.245058
9.139674
8.325342
8.076253
7.702618
8.162477
10.030648
10.653373
8.900165
8.085834
7.587654
7.855904
9.254639
9.015129
8.401985
7.597234
6.849965
6.370947
7.539752
8.976808
8.756459
8.785200
8.804361
8.804361
8.555271
8.181637
8.133735
8.239119
8.162477
8.124155
7.721779
7.156537
8.679816
9.379183
8.948067
8.881004
8.593593
8.708557
8.248699
7.788842
8.459468
8.267860
6.648777
6.782903
7.740940
7.922967
8.267860
9.829460
10.298899
9.503728
9.264218
9.781559
9.388763
8.948067
9.762398
9.254639
8.382825
8.229539
7.645136
7.501431
8.200797
8.651075
8.737298
7.884645
7.606814
7.999610
9.321701
10.442604
9.695335
8.967227
9.005548
8.775620
8.028351
7.942128
7.511011
6.294304
6.869126
8.162477
7.616395
7.491850
7.932547
8.143315
8.497789
8.536111
8.555271
8.689397
8.622334
8.469048
8.516950
8.804361
8.296601
7.424788
8.804361
8.938486
7.721779
8.555271
8.057092
6.169759
6.303884
7.511011
7.443948
6.773322
7.731359
7.922967
7.003251
7.453528
8.047512
7.817583
8.095413
9.618692
9.819880
9.149254
8.842683
7.683457
7.645136
8.651075
8.354083
7.836743
6.696679
5.911089
5.930250
6.830804
8.143315
8.114574
8.239119
8.536111
7.788842
7.443948
9.312120
9.676175
8.200797
9.292960
10.049809
8.746879
7.635556
7.501431
7.309823
7.721779
8.689397
8.622334
8.593593
8.449887
8.009191
8.057092
8.459468
8.392405
8.229539
8.287021
8.440307
8.507369
8.411566
8.239119
9.177996
10.001907
9.235477
8.756459
8.651075
8.612754
8.076253
7.453528
7.156537
6.390108
5.393749
5.815285
6.524233
7.108635
8.392405
9.245058
9.139674
8.574432
8.191217
8.526530
8.804361
8.555271
8.813941
8.813941
9.187575
8.986388
6.859546
6.878706
8.928905
8.995968
8.258280
8.172056
7.616395
6.849965
8.401985
9.513309
9.254639
9.906103
9.063031
7.396046
6.754161
7.846324
7.721779
5.757803
5.978151
8.248699
8.804361
8.037931
8.574432
8.698977
8.497789
8.536111
8.296601
8.315762
8.449887
8.382825
8.229539
8.411566
8.114574
7.079894
8.507369
9.302540
8.785200
8.928905
7.587654
6.591295
6.754161
7.472689
7.549332
6.696679
7.568493
9.254639
8.756459
7.894226
7.875065
8.756459
9.292960
9.666595
10.222256
10.605471
9.771978
8.871424
9.225897
8.497789
7.894226
8.258280
7.156537
5.365008
5.288365
5.891928
6.936189
7.808002
8.469048
8.775620
8.536111
8.296601
8.440307
7.999610
8.047512
9.216317
9.120513
7.932547
7.376885
6.744581
5.681160
5.566195
6.409268
7.558913
8.229539
8.536111
8.555271
8.430726
8.124155
8.114574
8.354083
8.344503
8.469048
8.392405
7.721779
7.539752
8.976808
9.647433
9.321701
9.177996
8.727718
9.657014
10.605471
10.030648
9.379183
8.564852
7.424788
6.639197
7.031992
7.089475
6.476331
7.214019
7.558913
8.737298
10.423444
10.452185
9.695335
8.967227
8.881004
8.718138
8.766040
9.043870
8.411566
7.606814
8.248699
8.545691
7.922967
8.018770
7.549332
6.830804
8.267860
9.829460
9.532469
9.522889
9.273799
8.009191
7.031992
7.597234
8.248699
7.654716
7.386466
7.511011
7.434368
7.530171
8.085834
8.344503
8.334923
8.334923
8.459468
8.267860
8.047512
8.200797
8.267860
8.430726
7.491850
7.051153
9.130094
10.356381
9.906103
9.704916
8.842683
7.424788
6.763742
7.597234
9.005548
8.651075
8.478628
9.417504
9.599532
9.695335
9.599532
8.919326
8.861843
9.589952
9.177996
8.469048
8.775620
8.919326
8.229539
8.287021
8.564852
8.440307
7.750520
8.057092
8.967227
8.881004
8.718138
7.875065
7.233180
7.817583
9.484568
9.628273
8.938486
8.871424
7.951708
8.028351
9.331282
9.436666
8.842683
7.558913
7.338564
7.233180
6.418849
6.926608
7.549332
7.712199
8.037931
8.325342
8.459468
8.392405
8.229539
8.287021
8.440307
8.382825
7.721779
7.156537
8.421146
9.005548
8.018770
8.315762
7.558913
6.188920
6.821224
7.625975
7.367305
6.735001
7.204439
8.057092
8.334923
7.951708
7.012832
7.328984
9.005548
9.666595
8.698977
8.248699
8.172056
7.625975
8.382825
9.752818
9.120513
8.315762
8.449887
8.009191
8.057092
8.833102
8.306182
6.792483
6.476331
6.955349
8.584012
10.231836
10.615051
10.289318
10.136032
10.068970
9.781559
10.021068
8.986388
8.133735
7.606814
6.725420
7.961288
9.043870
9.177996
9.110932
8.564852
8.440307
8.507369
8.287021
8.057092
8.459468
8.775620
8.794781
8.296601
7.683457
9.302540
10.308479
9.120513
9.206737
8.612754
6.811644
6.859546
7.261921
7.194859
7.290662
7.721779
8.172056
7.875065
7.865485
9.254639
9.522889
9.273799
10.931203
11.065329
9.992327
9.360023
8.555271
7.798422
8.085834
8.469048
8.641495
8.603173
8.200797
8.401985
9.254639
9.015129
8.267860
8.689397
9.005548
8.775620
8.411566
8.871424
8.584012
8.066672
9.225897
10.145613
9.685755
9.091772
8.047512
7.434368
7.156537
6.380527
6.658358
7.549332
8.219958
8.411566
8.363664
8.478628
8.526530
8.421146
8.373244
8.344503
8.210378
8.277440
7.798422
8.593593
8.957647
8.497789
8.909745
9.110932
8.564852
7.798422
7.827163
7.079894
5.968571
5.575776
5.901508
7.194859
8.057092
7.827163
8.095413
8.861843
9.599532
9.427085
9.216317
8.995968
8.516950
8.919326
8.986388
7.750520
7.932547
9.158834
8.967227
8.497789
8.411566
8.363664
8.478628
7.376885
6.485911
7.731359
8.306182
7.817583
8.095413
9.110932
8.823522
8.181637
8.009191
6.782903
5.700321
6.466751
7.079894
7.233180
7.951708
8.277440
8.564852
8.564852
8.440307
8.641495
8.727718
8.516950
8.411566
8.239119
8.028351
7.808002
7.587654
8.871424
9.091772
8.172056
8.258280
7.664297
5.987732
5.326686
7.060733
8.756459
8.526530
8.679816
10.528828
10.375542
9.158834
8.593593
8.076253
8.593593
10.107291
10.174354
8.555271
8.306182
8.449887
9.273799
10.423444
9.944425
9.206737
7.846324
6.581715
6.629617
7.788842
7.951708
6.878706
7.012832
7.463109
7.031992
6.198500
6.572134
7.003251
6.945769
8.833102
9.839041
8.526530
7.654716
7.511011
7.309823
7.606814
8.631914
9.110932
8.689397
8.373244
8.478628
8.526530
8.296601
8.181637
8.392405
8.612754
8.718138
8.766040
8.660655
8.104994
9.245058
9.388763
8.440307
9.015129
8.267860
6.773322
6.715840
7.702618
7.913386
7.635556
7.750520
7.549332
7.204439
7.041573
7.731359
8.555271
8.689397
8.756459
8.401985
8.746879
9.283380
8.775620
9.302540
9.934845
8.698977
7.865485
8.622334
8.469048
7.760100
8.191217
7.884645
7.357725
7.491850
7.558913
8.986388
10.164774
9.436666
9.350442
9.063031
8.804361
9.312120
9.292960
8.526530
7.530171
6.811644
7.367305
7.625975
7.367305
8.009191
8.689397
8.622334
8.344503
8.718138
8.766040
8.660655
8.737298
8.775620
8.536111
7.788842
7.060733
8.631914
10.116872
9.676175
9.465406
8.861843
7.568493
7.214019
7.808002
8.085834
7.702618
7.530171
8.593593
8.200797
7.376885
8.526530
9.053451
8.670236
9.628273
9.829460
8.651075
9.494147
9.637854
7.922967
8.009191
8.306182
7.683457
7.137376
7.645136
8.392405
8.229539
7.396046
7.769681
8.200797
8.143315
9.388763
8.564852
7.549332
7.328984
7.357725
8.766040
9.810300
9.273799
8.392405
7.721779
6.897867
6.006893
6.869126
8.287021
8.440307
8.382825
8.229539
8.277440
8.306182
8.191217
8.133735
8.239119
8.162477
7.999610
7.405627
7.261921
8.976808
10.413863
10.318060
9.637854
7.922967
8.267860
10.212675
9.973166
8.584012
7.558913
7.079894
8.516950
10.068970
9.139674
8.708557
9.015129
8.651075
9.752818
10.519247
9.609112
9.561211
9.542049
8.641495
7.204439
7.549332
8.861843
8.833102
9.072611
8.545691
6.782903
6.083536
7.788842
8.967227
8.248699
8.679816
8.488209
7.645136
8.258280
8.804361
9.187575
9.494147
9.896523
9.954005
8.967227
8.507369
7.396046
6.878706
7.903806
7.884645
7.616395
7.865485
8.114574
8.104994
7.970869
8.028351
8.191217
8.392405
8.622334
8.210378
7.261921
8.469048
9.158834
8.076253
8.852262
8.698977
7.108635
7.501431
8.708557
8.631914
7.194859
6.658358
7.300243
8.488209
8.660655
7.597234
7.990029
8.421146
7.865485
7.099055
8.133735
9.005548
8.516950
8.794781
8.928905
8.603173
8.718138
8.382825
8.104994
8.727718
8.766040
8.028351
8.574432
9.589952
9.168415
9.867782
10.701274
10.193515
10.088131
9.781559
9.139674
8.191217
7.760100
7.549332
6.821224
6.610456
7.779261
7.827163
7.204439
7.932547
8.018770
8.066672
8.459468
8.392405
8.363664
8.603173
8.708557
8.507369
8.545691
8.047512
7.185278
8.689397
9.130094
8.449887
9.139674
9.091772
7.664297
6.869126
8.028351
8.191217
6.610456
6.639197
8.306182
8.315762
8.066672
9.101353
8.813941
8.813941
10.212675
10.097711
9.149254
8.967227
8.248699
7.913386
8.900165
9.101353
8.181637
6.859546
6.888287
7.654716
8.267860
8.172056
8.766040
9.168415
8.852262
10.231836
10.615051
9.522889
9.015129
9.034289
9.292960
10.059389
9.771978
8.622334
7.194859
6.917028
7.922967
8.018770
7.932547
8.267860
8.306182
8.191217
8.392405
8.363664
8.344503
8.469048
8.392405
8.229539
8.670236
8.612754
7.827163
8.737298
9.532469
9.149254
8.718138
7.740940
6.533813
5.968571
7.099055
7.625975
6.600875
7.146957
8.794781
9.053451
8.536111
9.570790
10.049809
9.513309
10.662952
10.691694
9.427085
9.733657
9.110932
7.041573
6.332625
6.639197
7.031992
6.706260
6.945769
6.917028
6.782903
7.606814
8.631914
8.986388
8.258280
9.695335
10.365961
9.657014
9.714497
9.101353
7.415207
6.121857
6.917028
6.907447
6.141018
7.309823
8.622334
8.210378
8.018770
8.315762
8.325342
8.459468
8.392405
8.354083
8.085834
7.961288
8.162477
8.382825
8.612754
7.827163
6.955349
8.076253
8.469048
8.267860
8.938486
8.737298
7.376885
6.361366
7.664297
8.152896
6.974510
7.568493
7.970869
7.405627
7.520591
8.459468
9.407925
9.465406
10.136032
9.934845
8.698977
8.507369
8.794781
8.670236
8.871424
9.091772
9.197156
8.478628
6.754161
6.064375
7.405627
8.536111
7.664297
8.018770
8.698977
8.248699
9.177996
10.375542
9.791140
8.631914
8.727718
8.775620
8.794781
8.296601
6.917028
7.031992
7.721779
7.031992
6.706260
7.702618
8.296601
8.440307
8.382825
8.229539
8.287021
8.564852
8.564852
8.564852
8.440307
7.233180
6.294304
8.143315
9.130094
8.708557
9.771978
9.005548
6.869126
6.246402
7.108635
8.516950
7.913386
7.242761
8.842683
9.331282
9.177996
8.852262
7.558913
7.204439
8.689397
9.388763
8.689397
8.881004
9.225897
7.855904
6.715840
7.961288
8.670236
7.472689
7.424788
9.177996
9.743237
8.986388
8.507369
8.037931
7.808002
9.235477
9.637854
9.197156
9.877362
9.685755
8.584012
8.574432
9.082191
8.938486
7.980449
7.156537
6.639197
6.907447
7.922967
8.009191
8.181637
8.392405
8.354083
8.219958
8.018770
8.057092
8.334923
8.334923
8.076253
7.060733
6.849965
8.909745
9.877362
8.794781
8.172056
8.124155
8.488209
9.800719
9.657014
8.564852
7.041573
5.824865
5.767383
6.878706
7.530171
7.453528
7.798422
7.443948
7.415207
7.645136
8.267860
8.306182
7.808002
7.587654
6.840385
7.127796
7.635556
7.376885
7.376885
7.501431
6.667938
5.776964
7.012832
7.453528
7.539752
9.235477
9.254639
8.766040
8.909745
8.986388
9.657014
10.097711
10.298899
8.871424
7.185278
7.031992
6.830804
6.993671
7.453528
7.664297
8.018770
8.315762
8.449887
8.382825
8.488209
8.660655
8.612754
8.593593
8.449887
7.242761
6.552974
7.760100
8.191217
7.750520
8.315762
8.191217
8.900165
10.250997
9.609112
8.670236
8.104994
7.338564
7.990029
9.829460
9.542049
7.750520
7.683457
8.277440
9.580371
11.199453
10.557569
9.877362
10.452185
10.461765
10.212675
10.097711
9.666595
8.957647
8.373244
7.836743
7.970869
9.053451
8.670236
7.855904
8.488209
8.785200
8.670236
9.120513
9.082191
8.679816
8.622334
8.210378
9.043870
9.800719
8.766040
8.028351
8.066672
7.443948
7.156537
8.037931
8.325342
8.076253
7.961288
8.152896
8.248699
8.287021
8.306182
8.449887
8.133735
6.840385
6.620036
8.679816
9.886943
9.187575
8.603173
8.325342
9.350442
10.203095
8.948067
7.597234
7.606814
7.740940
8.306182
8.833102
8.181637
8.009191
7.798422
6.936189
8.315762
10.739595
10.720435
10.078550
9.522889
8.881004
8.334923
8.842683
8.823522
7.922967
7.501431
7.942128
8.277440
7.290662
7.204439
7.673877
8.028351
9.455826
10.126452
9.427085
9.350442
9.187575
8.861843
8.191217
8.267860
8.047512
6.926608
7.041573
7.731359
7.539752
7.328984
7.731359
8.181637
8.641495
8.603173
8.325342
8.334923
8.584012
8.574432
8.698977
8.631914
8.469048
7.884645
8.756459
9.292960
8.401985
9.254639
9.398344
7.683457
7.520591
8.459468
8.392405
7.846324
7.731359
8.172056
8.258280
7.654716
7.252341
7.568493
8.612754
9.225897
8.497789
8.919326
9.120513
8.066672
8.469048
9.542049
9.532469
8.766040
6.754161
5.815285
5.891928
6.936189
7.932547
7.769681
7.683457
8.028351
8.449887
7.491850
8.698977
9.522889
9.139674
10.365961
10.174354
8.938486
8.612754
7.951708
6.754161
6.457170
7.578074
8.488209
8.536111
8.421146
8.248699
8.421146
8.631914
8.727718
8.516950
8.287021
8.440307
8.766040
8.152896
7.108635
8.651075
10.001907
9.618692
9.436666
8.593593
8.200797
8.651075
9.628273
9.312120
7.520591
7.702618
8.670236
8.746879
8.909745
8.478628
7.511011
7.060733
8.248699
8.421146
8.124155
8.612754
9.609112
9.561211
8.267860
8.172056
8.124155
7.597234
6.466751
5.805705
6.897867
8.306182
8.315762
9.474987
10.136032
8.794781
8.421146
9.906103
10.078550
9.024710
9.676175
9.589952
8.794781
8.928905
8.488209
7.003251
6.821224
7.242761
7.319404
7.731359
8.047512
8.459468
8.516950
8.287021
8.315762
8.584012
8.574432
8.440307
8.641495
8.986388
8.766040
9.551630
10.423444
9.944425
9.589952
9.810300
9.273799
7.750520
7.683457
7.396046
6.121857
7.300243
8.612754
7.951708
7.396046
7.386466
8.143315
9.637854
10.088131
9.407925
9.340861
9.436666
8.852262
9.340861
10.068970
9.149254
8.718138
8.258280
7.654716
6.869126
7.271502
8.344503
7.568493
7.338564
7.865485
7.990029
7.664297
8.143315
8.248699
8.037931
8.708557
8.631914
8.095413
7.961288
8.028351
7.683457
7.903806
8.516950
8.670236
8.488209
8.277440
8.306182
8.315762
8.200797
8.009191
8.181637
8.392405
8.488209
8.785200
8.162477
6.974510
8.334923
9.733657
8.986388
7.875065
7.990029
9.829460
9.532469
7.750520
7.424788
7.903806
8.392405
8.363664
7.712199
8.037931
8.325342
8.200797
8.651075
9.245058
9.906103
9.321701
8.028351
7.041573
7.855904
8.363664
7.712199
8.421146
9.264218
9.149254
8.076253
7.951708
9.427085
10.241417
9.858202
9.810300
9.522889
9.139674
8.708557
7.999610
7.922967
7.376885
6.735001
8.095413
10.126452
9.551630
8.009191
8.440307
9.149254
8.842683
8.698977
8.756459
8.660655
8.737298
8.909745
8.478628
8.277440
8.430726
8.507369
8.670236
8.488209
8.028351
8.698977
9.139674
8.449887
8.766040
9.551630
9.925264
9.331282
8.028351
7.932547
7.252341
5.288365
5.384169
7.338564
8.373244
8.095413
8.219958
9.302540
10.059389
10.021068
9.369603
9.197156
8.737298
8.009191
7.539752
6.313465
5.987732
6.984090
7.702618
7.146957
7.779261
8.842683
8.564852
9.331282
9.819880
9.149254
9.350442
10.452185
10.212675
9.455826
8.986388
7.875065
8.124155
8.229539
7.137376
7.261921
7.070314
7.367305
8.392405
8.229539
7.903806
7.750520
7.932547
8.018770
8.306182
8.708557
8.631914
8.344503
8.076253
7.194859
6.658358
8.823522
9.954005
8.584012
8.066672
8.200797
7.894226
8.124155
8.737298
9.158834
8.334923
7.194859
6.399688
6.926608
8.057092
7.185278
7.549332
8.603173
8.200797
8.401985
8.871424
8.957647
9.130094
9.091772
9.446246
9.743237
8.727718
6.993671
5.930250
5.307526
6.533813
8.641495
8.976808
8.890584
9.101353
9.197156
9.120513
9.848621
10.183934
10.337220
10.279738
9.618692
10.586310
10.653373
9.034289
7.894226
7.750520
8.181637
8.392405
8.229539
8.028351
8.057092
8.200797
8.267860
8.430726
8.507369
8.411566
8.497789
8.411566
7.223600
6.284723
7.884645
8.248699
7.405627
8.401985
8.488209
7.386466
7.635556
8.641495
8.478628
7.511011
6.677518
6.284723
7.118216
8.018770
8.181637
8.392405
8.229539
9.551630
10.806659
10.250997
9.350442
9.187575
9.369603
9.197156
8.737298
7.635556
7.501431
7.558913
7.587654
8.881004
8.976808
8.248699
7.405627
6.878706
7.396046
7.645136
8.258280
9.187575
9.752818
9.379183
8.689397
9.513309
10.030648
8.746879
7.635556
7.625975
7.357725
7.367305
8.392405
8.737298
8.641495
8.603173
8.584012
8.833102
8.948067
8.746879
8.516950
8.411566
7.348145
6.476331
8.612754
9.982746
8.976808
8.756459
7.903806
8.516950
10.203095
9.331282
8.162477
8.507369
8.545691
9.063031
9.685755
8.449887
8.900165
8.852262
7.558913
8.986388
9.149254
7.827163
8.344503
8.593593
8.200797
8.009191
7.415207
6.629617
6.773322
7.348145
7.367305
7.367305
7.501431
7.817583
8.603173
8.708557
9.149254
9.225897
8.871424
9.982746
10.116872
9.292960
9.676175
9.340861
8.928905
9.245058
8.631914
8.219958
7.261921
6.945769
7.808002
7.702618
7.788842
8.200797
8.401985
8.622334
8.593593
8.449887
8.258280
8.172056
7.750520
7.166118
8.296601
8.698977
7.865485
8.363664
8.344503
7.070314
6.342206
7.654716
8.277440
6.648777
6.907447
7.539752
7.836743
8.737298
7.760100
7.434368
7.530171
8.593593
9.982746
9.484568
9.762398
10.021068
8.995968
8.766040
9.934845
9.839041
7.884645
7.108635
7.501431
7.051153
7.482270
8.315762
7.817583
7.578074
8.612754
8.852262
8.574432
9.206737
9.886943
9.312120
8.401985
8.622334
8.976808
8.631914
8.219958
7.894226
6.859546
6.754161
7.721779
8.306182
8.574432
8.698977
8.497789
8.152896
8.124155
8.229539
8.411566
8.497789
0.000000
0.000000
0.000000
0.000000
0.000000
0.000000
0.000000
0.000000
0.000000
0.000000
0.000000
0.000000
0.000000
0.000000
0.000000
0.000000
0.000000
0.000000
0.000000
0.000000
0.000000
0.000000
0.000000
0.000000
0.000000
0.000000
0.000000
0.000000
0.000000
0.000000
0.000000
0.000000
0.000000
0.000000
0.000000
0.000000
0.000000
0.000000
0.000000
0.000000
